	105113_RL1500001701-1	105119_RL1500008401-1	105121_RL1500008801-1	105125_RL1500009401-1	105126_RL1500009501-1	105128_RL1500009701-1	105131_RL1500010001-1	105132_RL1500010101-1	105134_RL1500010501-1	105137_RL1500010901-1	105141_RL1500011501-1	105150_RL1500012601-1	105164_RL1500017901-1	106070_RL1500019201-1	106072_RL1500019401-1	106094_RL1500021001-1	118145_RL1500014901-2	150653_RL1500002901-1	150663_RL1500012001-1	150667_RL1500013201-1	150669_RL1500014101-1	150670_RL1500019301-1	150678_RL1500022001-1	150695_RL1500023801-1	150863_RL1500024501-1	150920_RL1500042302-1	150921_RL1500042602-1	150922_RL1500042802-1	150923_RL1500042902-1	150930_RL1500043602-1	153223_RL1500026701-2	153226_RL1500027001-2	153230_RL1500027401-2	153235_RL1500028101-2	153242_RL1500028801-2	153246_RL1500029201-2	153247_RL1500029301-2	153248_RL1500029401-2	153252_RL1500029801-2	153254_RL1500030001-2	153259_RL1500030501-2	153263_RL1500033201-2	153265_RL1500033401-2	153266_RL1500033501-2	153271_RL1500034101-2	153280_RL1500042402-2	153281_RL1500042502-2	153508_RL1500046501-1	153547_RL1500050601-1	159975_RL1500032302-2	159978_RL1500038702-2	160003_RL1500065702-2	160018_RL1500128202-2	160033_RL1500052701-2	160048_RL1500066301-2	160051_RL1500066601-2	160075_RL1500069501-2	160093_RL1500071601-2	163343_RL1500132301-2	163351_RL1500133201-2	163356_RL1500133501-2	165013_RL1500031502-1	168139_RL1500005702-2	168140_RL1500005902-2	172327_RL1500010601-2	172367_RL1500155301-2	172368_RL1500155401-2	172373_RL1500156101-2	175637_RL1500132101-2	175641_RL1500132701-2	176149_RL1500159301-1	176151_RL1500159501-1	176161_RL1500160501-1	176181_RL1500162901-1	176189_RL1500163801-1	176395_RL1500164201-1	176431_RL1500165301-1	177519_RL1500029101-2	177520_RL1500029901-2	177522_RL1500033001-2	177523_RL1500033701-2	177533_RL1500129001-2	177548_RL1500154501-2	177558_RL1500157601-2	177560_RL1500158001-2	177561_RL1500158201-2	177568_RL1500164001-2	188213_RL1500005201-1	188214_RL1500006701-1	188223_RL1500029001-1	188225_RL1500035901-1	189887_RL1500243201-2	191714_RL1500017101-2	227112_RL1500300103-2	227118_RL1500300803-2	CP006862	RL15003015	RL15003025	RL15003028
F.RL15000017	0	1189	575	599	569	1313	619	1102	570	651	979	1995	768	46	44	673	2337	1103	505	1526	2440	2397	1045	1152	2635	35	35	36	35	755	671	646	661	1462	1220	38	37	38	1214	1159	1034	685	38	1140	2429	37	35	34	3071	889	938	59	866	1078	2390	1269	1447	1157	785	786	2432	1292	2018	2271	658	1576	966	653	786	1194	3639	33	1201	901	44	1247	1114	38	38	686	1271	2601	41	917	752	39	36	1322	2195	1241	36	431	884	1588	1122	2490	754	759	1035
F.RL15000084	1189	0	1199	1264	1224	2018	1300	57	1220	1363	215	937	1084	17	15	1431	3063	1058	1409	2161	2480	2002	1293	1275	1991	1347	1346	1363	1343	1209	1417	1345	1404	2271	1208	1367	1346	1351	2222	1345	1278	1540	1367	1329	2031	1361	1346	1306	3958	1154	1181	1380	1408	920	3181	1074	1253	865	1318	1330	3215	1111	1897	1912	1361	2221	1007	1389	1316	1290	3516	1331	1242	1201	1346	1021	1243	1307	1354	1540	3	2670	45	1041	1134	1364	1359	1419	2488	4	1360	1170	1290	2229	1237	2591	1186	1175	978
F.RL15000088	575	1199	0	14	11	749	13	1092	11	5	943	1846	830	15	13	13	2498	896	130	1418	2189	2186	775	940	2228	642	650	646	648	1124	12	7	18	810	911	655	647	648	1424	782	776	547	647	771	2192	655	642	625	3286	849	743	671	687	892	2574	1073	1164	1202	669	675	2607	1058	1934	2085	8	1481	938	12	662	900	3419	637	898	829	647	1033	1085	620	641	549	1255	2579	44	916	798	651	650	1029	1992	1245	651	964	748	1473	932	1972	797	796	999
F.RL15000094	599	1264	14	0	9	800	11	1150	3	11	995	1951	885	7	11	11	2540	936	139	1541	2404	2326	802	986	2412	674	683	678	680	1169	10	13	16	878	963	689	679	680	1555	835	805	579	682	818	2331	688	674	655	3410	902	778	704	739	954	2635	1129	1246	1254	709	716	2668	1110	2049	2217	14	1605	975	10	702	950	3550	670	938	872	682	1088	1233	648	674	581	1319	2658	42	1015	854	684	683	1069	2187	1304	684	1012	787	1582	978	2190	856	855	1044
F.RL15000095	569	1224	11	9	0	770	8	1115	6	8	962	1891	843	10	8	8	2513	900	131	1470	2322	2248	774	935	2339	629	638	634	636	1125	7	10	13	844	920	644	637	638	1497	790	777	551	636	776	2253	642	629	612	3358	851	745	660	695	916	2604	1081	1170	1212	670	678	2635	1047	1968	2140	11	1534	930	7	664	897	3466	625	897	831	635	1037	1205	614	631	553	1272	2654	39	993	803	639	638	1019	2114	1259	639	957	756	1517	941	2115	804	804	998
F.RL15000097	1313	2018	749	800	770	0	809	1874	745	808	1743	1127	1602	849	839	823	2487	1718	960	1419	2120	1830	1614	1732	2137	1486	1499	1488	1490	1975	841	766	840	7	1748	1518	1494	1488	1386	1586	1615	1404	1500	1560	1836	1511	1493	1432	3186	1652	1559	1524	1545	1736	3412	1890	1246	2017	1498	1518	2585	1046	1685	1762	825	1545	1766	825	1489	1712	3388	1476	1702	1658	1489	1824	1006	1451	1497	1392	2097	2410	876	832	1612	1511	1500	1864	1906	2070	1498	1792	1555	1535	1745	1879	1639	1619	1854
F.RL15000100	619	1300	13	11	8	809	0	1179	8	10	1010	1991	901	13	5	8	2561	958	154	1566	2474	2382	826	1036	2488	699	708	703	705	1207	9	12	13	889	1007	714	706	706	1606	859	827	599	707	843	2390	713	700	679	3467	917	800	730	764	973	2669	1164	1253	1270	732	740	2701	1131	2088	2278	13	1632	1002	7	725	983	3593	695	968	890	703	1118	1280	670	700	601	1355	2698	41	1064	867	709	707	1102	2273	1342	709	1037	817	1623	998	2282	869	869	1068
F.RL15000101	1102	57	1092	1150	1115	1874	1179	0	1116	1227	180	952	1029	13	11	1279	2969	993	1271	2002	2289	1888	1240	1209	1890	1239	1247	1255	1246	1174	1267	1215	1253	2100	1149	1257	1244	1249	2070	1245	1222	1408	1256	1228	1917	1260	1248	1210	3806	1040	1099	1279	1291	905	3057	1072	1235	827	1218	1217	3100	1076	1793	1801	1232	2082	969	1246	1216	1233	3438	1233	1181	1163	1247	1023	1118	1211	1247	1402	56	2611	41	985	1043	1258	1247	1333	2321	55	1248	1148	1151	2088	1209	2390	1084	1088	940
F.RL15000105	570	1220	11	3	6	745	8	1116	0	8	953	1860	844	4	8	8	2474	891	125	1410	2255	2190	748	930	2271	635	645	642	642	1118	7	10	13	824	917	650	642	642	1467	765	751	533	642	756	2199	650	636	618	3275	838	735	665	688	877	2544	1039	1152	1175	664	670	2582	1043	1922	2090	11	1465	928	7	656	898	3413	632	886	815	641	1009	1139	616	637	534	1268	2589	38	953	795	646	645	1011	2054	1257	646	967	744	1457	914	2039	800	800	993
F.RL15000109	651	1363	5	11	8	808	10	1227	8	0	1037	2051	962	13	11	10	2592	1045	168	1629	2613	2486	906	1143	2646	730	744	739	741	1298	9	4	15	880	1080	751	742	743	1662	915	907	641	744	901	2493	750	735	715	3515	977	856	763	825	1043	2727	1244	1345	1368	795	802	2754	1240	2180	2375	5	1703	1076	9	788	1080	3711	730	1056	994	736	1212	1340	702	732	642	1431	2721	42	1073	938	746	740	1177	2417	1416	745	1130	877	1680	1098	2452	945	934	1161
F.RL15000115	979	215	943	995	962	1743	1010	180	953	1037	0	1160	1015	13	11	1098	2931	911	1089	2017	2488	2057	1190	1357	2053	1069	1069	1080	1065	1272	1088	1037	1075	1940	1133	1081	1068	1073	2012	1273	1172	1245	1084	1258	2086	1083	1076	1042	3755	1035	1063	1098	1272	1023	2971	1185	1217	762	1186	1191	3024	1244	1861	1949	1046	2090	981	1063	1183	1375	3635	1058	1211	1249	1082	1150	1202	1050	1071	1240	231	2626	42	1035	1118	1077	1070	1334	2531	228	1074	1284	1123	2103	1239	2618	1160	1162	1091
F.RL15000126	1995	937	1846	1951	1891	1127	1991	952	1860	2051	1160	0	1912	841	825	2129	3060	1666	2350	1963	2008	1421	1960	1980	1610	2354	2346	2370	2337	2191	2136	1997	2119	1301	1932	2409	2353	2351	2068	2035	1937	2220	2382	1998	1442	2381	2357	2238	3850	1941	1984	2398	2072	1667	4029	1807	1139	1853	2054	2086	3242	974	1507	1363	2080	2087	1802	2093	2053	1890	3291	2321	1977	2105	2339	1705	1008	2272	2367	2208	1044	2410	857	850	2096	2396	2361	2030	2072	1016	2364	2163	1904	2095	1895	2074	2215	2164	1827
F.RL15000179	768	1084	830	885	843	1602	901	1029	844	962	1015	1912	0	41	39	1008	2592	779	997	1739	2010	2081	1312	1346	2437	896	904	907	903	1225	1010	949	991	1830	1107	913	902	905	1816	651	1298	1151	911	632	2104	918	902	866	3412	548	677	922	1007	566	2655	789	1106	1081	949	954	2701	1314	1704	1943	970	1791	916	974	952	1243	3674	889	932	1019	890	850	1164	866	898	1144	1140	2596	37	974	575	915	902	1263	2276	1112	906	1060	837	1793	1100	2242	590	615	975
F.RL15000192	46	17	15	7	10	849	13	13	4	13	13	841	41	0	11	13	1901	38	12	971	1514	1125	46	54	1522	38	38	39	38	46	12	14	18	948	40	39	38	39	987	41	60	55	39	41	1134	40	38	36	2808	43	67	60	43	51	1894	41	338	51	39	44	1946	76	874	1077	16	981	54	12	46	42	2638	35	32	41	45	40	1476	39	39	56	14	2758	42	1197	51	40	35	47	1521	12	38	55	45	956	59	1547	54	53	53
F.RL15000194	44	15	13	11	8	839	5	11	8	11	11	825	39	11	0	10	1900	38	10	940	1443	1097	44	52	1448	35	35	36	35	43	11	12	14	931	39	37	36	37	959	40	58	53	37	40	1106	37	35	34	2788	41	66	58	41	50	1893	40	316	49	37	42	1945	76	851	1049	14	950	53	8	44	40	2625	33	30	39	43	39	1404	37	37	54	12	2753	41	1142	49	38	33	46	1448	10	36	53	45	932	57	1473	52	52	52
F.RL15000210	673	1431	13	11	8	823	8	1279	8	10	1098	2129	1008	13	10	0	2608	1096	180	1727	2777	2601	931	1174	2820	752	764	759	763	1324	9	12	9	912	1132	773	763	764	1734	967	932	673	765	955	2607	772	757	736	3587	1028	891	782	867	1096	2744	1310	1413	1432	842	849	2771	1271	2269	2488	13	1795	1092	3	835	1110	3772	751	1103	1026	757	1278	1458	721	753	673	1497	2798	42	1159	970	765	759	1216	2581	1479	765	1156	934	1786	1144	2632	976	968	1178
F.RL15000149	2337	3063	2498	2540	2513	2487	2561	2969	2474	2592	2931	3060	2592	1901	1900	2608	0	2891	2613	2660	2975	3268	2818	2894	3248	2373	2379	2380	2379	2855	2613	2572	2608	2604	2946	2392	2385	2378	2384	2810	2814	2571	2381	2803	3295	2384	2384	2357	52	2691	2630	2411	2722	2824	32	2939	2932	3100	2617	2630	10	3020	3114	3190	2595	2709	2706	2603	2625	3026	1144	2370	2958	2811	2400	2921	1916	2371	2382	2573	3130	135	1894	1928	2709	2389	2387	3152	2831	2886	2386	2596	2732	2711	2914	3089	2713	2689	2811
F.RL15000029	1103	1058	896	936	900	1718	958	993	891	1045	911	1666	779	38	38	1096	2891	0	1266	1977	2482	2109	1150	1431	2586	1293	1292	1313	1287	1453	1094	1029	1081	1979	846	1320	1303	1302	2179	942	1137	1201	1318	921	2124	1318	1297	1234	3948	933	973	1353	1088	716	3116	893	863	1228	1151	1172	3136	1142	1783	2009	1045	1991	850	1060	1151	1117	3607	1270	877	1249	1315	870	1495	1236	1292	1201	1140	2806	34	1214	1044	1311	1317	1098	2644	1095	1309	1393	1019	2004	1094	2648	1107	1089	970
F.RL15000120	505	1409	130	139	131	960	154	1271	125	168	1089	2350	997	12	10	180	2613	1266	0	1942	3050	2804	1249	1383	3105	564	571	567	571	1162	168	156	171	1079	1277	577	572	573	1791	1191	1242	933	572	1165	2832	574	566	549	3552	1016	1070	594	1124	1239	2696	1474	1707	1350	1014	1013	2730	1612	2419	2668	165	2007	1118	169	1001	1352	4085	563	1230	1072	574	1496	1426	554	567	931	1474	2765	41	1167	850	575	571	1438	2776	1456	572	948	1159	2020	1440	2974	856	861	1197
F.RL15000132	1526	2161	1418	1541	1470	1419	1566	2002	1410	1629	2017	1963	1739	971	940	1727	2660	1977	1942	0	2264	2159	1929	2007	2553	1907	1927	1928	1913	2406	1744	1561	1722	1670	2209	1976	1926	1899	1580	1837	1899	1649	1939	1829	2171	1923	1938	1768	3241	1648	1804	1941	954	1812	3679	2136	1516	2530	1195	1221	2811	1415	1883	2038	1687	78	2150	1704	1173	1917	4008	1857	2069	2038	1867	2033	1093	1863	1926	1639	2395	2683	957	770	2063	1950	1899	2149	2232	2325	1913	2156	1689	62	1814	2224	2136	2123	2224
F.RL15000141	2440	2480	2189	2404	2322	2120	2474	2289	2255	2613	2488	2008	2010	1514	1443	2777	2975	2482	3050	2264	0	2248	2911	2668	1348	3003	3014	3026	3004	3126	2831	2564	2783	2623	2796	3087	3003	3001	2168	2349	2835	2846	3040	2273	2252	3055	3035	2791	3747	2330	2548	3061	2683	2125	4522	2519	1657	2852	2710	2783	3201	1328	1482	2004	2724	2235	2741	2710	2679	2704	4226	2927	2725	2905	2952	2294	3	2893	3020	2833	2838	2818	1461	927	2629	3065	3032	2861	1158	2742	3025	2930	2431	2230	2619	1215	2763	2747	2912
F.RL15000193	2397	2002	2186	2326	2248	1830	2382	1888	2190	2486	2057	1421	2081	1125	1097	2601	3268	2109	2804	2159	2248	0	2532	2352	2354	2861	2858	2880	2843	2537	2624	2431	2597	2156	2347	2923	2859	2858	1996	2195	2492	2780	2899	2147	4	2891	2862	2707	3683	2280	2540	2874	2558	1795	4511	1937	1437	2216	2615	2654	3476	1063	962	3	2552	2217	2201	2562	2600	2191	3441	2812	2309	2488	2821	1847	1172	2762	2875	2777	2214	2688	1115	581	2404	2908	2867	2347	2295	2159	2876	2584	2360	2219	2356	2405	2496	2465	2217
F.RL15000220	1045	1293	775	802	774	1614	826	1240	748	906	1190	1960	1312	46	44	931	2818	1150	1249	1929	2911	2532	0	1034	2860	1252	1253	1259	1249	1404	925	890	920	1871	1089	1279	1265	1245	2158	1368	51	784	1262	1365	2551	1243	1251	1182	3864	1200	1300	1282	1022	1035	3035	1255	1424	1454	1253	1277	3056	1227	2154	2419	898	1951	1005	910	1227	837	3712	1209	1231	856	1227	1220	1534	1220	1254	790	1425	2828	41	1219	1419	1261	1262	1391	2682	1366	1248	1345	1352	1956	404	2895	1434	1411	1129
F.RL15000238	1152	1275	940	986	935	1732	1036	1209	930	1143	1357	1980	1346	54	52	1174	2894	1431	1383	2007	2668	2352	1034	0	2773	1383	1382	1397	1370	1193	1169	1113	1158	2030	1324	1408	1381	1364	2244	1301	1029	1202	1397	1281	2383	1376	1378	1290	3924	1127	1414	1402	1265	905	3115	1126	1648	1361	1240	1277	3132	1187	2137	2208	1133	2092	1154	1144	1228	810	3555	1336	1333	899	1343	1090	1393	1330	1384	1209	1417	2769	49	1160	1287	1388	1381	1281	2371	1351	1370	1168	1358	2115	1155	2632	1334	1284	1158
F.RL15000245	2635	1991	2228	2412	2339	2137	2488	1890	2271	2646	2053	1610	2437	1522	1448	2820	3248	2586	3105	2553	1348	2354	2860	2773	0	3282	3286	3313	3281	3122	2873	2597	2824	2675	2774	3374	3277	3281	2388	2808	2785	3086	3317	2714	2369	3331	3300	3046	4041	2849	2925	3319	2994	2564	4853	2656	1608	2801	2889	2967	3523	1443	1657	2106	2745	2508	2707	2747	2839	2786	4329	3193	2753	2895	3200	2439	102	3161	3307	3079	2356	2815	1467	920	3006	3352	3299	2906	1398	2253	3303	3131	2753	2517	2637	1387	3135	3120	2905
F.RL15000423	35	1347	642	674	629	1486	699	1239	635	730	1069	2354	896	38	35	752	2373	1293	564	1907	3003	2861	1252	1383	3282	0	0	1	0	847	750	724	738	1667	1389	30	29	30	1497	1343	1244	841	30	1322	2891	2	0	25	3295	1021	1069	49	1078	1274	2439	1472	1713	1292	936	937	2478	1553	2398	2712	736	1953	1081	733	935	1411	4013	24	1400	1049	34	1470	1460	29	29	843	1443	2792	32	1186	851	30	24	1545	2778	1409	27	503	1077	1959	1400	3234	861	859	1198
F.RL15000426	35	1346	650	683	638	1499	708	1247	645	744	1069	2346	904	38	35	764	2379	1292	571	1927	3014	2858	1253	1382	3286	0	0	1	0	836	762	736	752	1683	1386	30	29	30	1492	1353	1245	856	30	1332	2889	2	0	25	3302	1029	1075	49	1092	1274	2442	1468	1709	1282	944	945	2482	1564	2400	2708	748	1958	1080	747	943	1410	4023	24	1398	1045	34	1468	1463	29	29	858	1438	2803	32	1189	860	30	24	1549	2768	1404	27	487	1087	1978	1392	3249	869	868	1196
F.RL15000428	36	1363	646	678	634	1488	703	1255	642	739	1080	2370	907	39	36	759	2380	1313	567	1928	3026	2880	1259	1397	3313	1	1	0	1	851	757	731	747	1671	1403	31	30	31	1490	1361	1251	857	31	1340	2910	3	1	26	3302	1034	1082	50	1093	1297	2444	1491	1726	1299	957	958	2483	1571	2418	2730	743	1961	1095	742	956	1424	4029	25	1417	1062	35	1490	1469	30	30	858	1456	2802	33	1190	858	31	25	1567	2798	1422	28	504	1098	1981	1412	3272	869	867	1212
F.RL15000429	35	1343	648	680	636	1490	705	1246	642	741	1065	2337	903	38	35	763	2379	1287	571	1913	3004	2843	1249	1370	3281	0	0	1	0	836	761	735	749	1671	1379	30	29	30	1496	1353	1241	849	30	1332	2874	2	0	25	3293	1025	1078	49	1084	1273	2439	1466	1695	1278	944	945	2479	1546	2399	2695	747	1943	1078	744	943	1403	4002	24	1392	1038	34	1463	1462	29	29	851	1435	2801	32	1185	855	30	24	1534	2772	1401	27	487	1090	1963	1388	3246	864	863	1194
F.RL15000436	755	1209	1124	1169	1125	1975	1207	1174	1118	1298	1272	2191	1225	46	43	1324	2855	1453	1162	2406	3126	2537	1404	1193	3122	847	836	851	836	0	1320	1288	1315	2253	1344	853	845	847	2100	1534	1389	1525	853	1511	2563	846	836	803	3838	1281	1507	847	1609	1247	2971	1344	1776	1300	1422	1437	3004	1289	2278	2400	1291	2441	930	1300	1426	1196	3767	831	1330	1009	820	1239	1515	814	853	1532	1260	2850	40	1202	1043	854	845	1300	2816	1223	852	606	1555	2473	1401	3239	1083	1033	857
F.RL15000267	671	1417	12	10	7	841	9	1267	7	9	1088	2136	1010	12	11	9	2613	1094	168	1744	2831	2624	925	1169	2873	750	762	757	761	1320	0	11	14	930	1126	771	761	762	1754	962	926	662	764	950	2630	770	755	735	3607	1020	893	781	863	1096	2747	1307	1429	1427	840	847	2774	1268	2291	2511	12	1795	1091	8	833	1106	3787	749	1095	1019	756	1271	1509	719	751	662	1484	2816	41	1196	970	763	758	1210	2639	1465	765	1153	937	1786	1142	2684	973	966	1176
F.RL15000270	646	1345	7	13	10	766	12	1215	10	4	1037	1997	949	14	12	12	2572	1029	156	1561	2564	2431	890	1113	2597	724	736	731	735	1288	11	0	17	843	1061	746	736	737	1601	902	891	635	739	890	2440	744	729	710	3440	970	851	759	808	1028	2703	1243	1350	1368	783	790	2732	1225	2120	2319	5	1632	1058	11	776	1078	3679	724	1036	977	733	1200	1298	694	726	634	1414	2691	43	1035	929	738	733	1165	2367	1398	739	1114	872	1619	1084	2399	939	929	1140
F.RL15000274	661	1404	18	16	13	840	13	1253	13	15	1075	2119	991	18	14	9	2608	1081	171	1722	2783	2597	920	1158	2824	738	752	747	749	1315	14	17	0	925	1105	760	750	751	1738	943	921	650	753	929	2602	758	743	724	3593	1002	883	772	846	1078	2741	1280	1415	1408	819	826	2768	1256	2274	2485	18	1774	1089	8	812	1094	3763	738	1076	1009	745	1249	1482	711	740	650	1473	2801	47	1184	956	754	749	1193	2591	1455	754	1144	907	1765	1134	2627	960	951	1173
F.RL15000281	1462	2271	810	878	844	7	889	2100	824	880	1940	1301	1830	948	931	912	2604	1979	1079	1670	2623	2156	1871	2030	2675	1667	1683	1671	1671	2253	930	843	925	0	2036	1723	1682	1672	1644	1848	1850	1594	1687	1826	2158	1696	1673	1602	3466	1887	1776	1712	1762	2015	3681	2219	1479	2331	1719	1737	2752	1253	1967	2076	914	1805	2007	910	1705	1980	3664	1654	2002	1926	1665	2151	1336	1618	1678	1582	2377	2618	965	1041	1862	1709	1678	2117	2437	2357	1687	2063	1810	1794	2029	2457	1910	1878	2143
F.RL15000288	1220	1208	911	963	920	1748	1007	1149	917	1080	1133	1932	1107	40	39	1132	2946	846	1277	2209	2796	2347	1089	1324	2774	1389	1386	1403	1379	1344	1126	1061	1105	2036	0	1411	1387	1393	2263	956	1087	1210	1411	939	2361	1407	1390	1339	3967	1074	1141	1411	1328	840	3097	1094	1333	1375	1363	1389	3134	1179	2042	2234	1071	2256	899	1092	1349	1127	3651	1374	429	1186	1383	1060	1449	1350	1388	1212	1289	2763	36	1179	1231	1402	1402	1230	2788	1248	1401	1409	1343	2257	1213	2787	1265	1248	991
F.RL15000292	38	1367	655	689	644	1518	714	1257	650	751	1081	2409	913	39	37	773	2392	1320	577	1976	3087	2923	1279	1408	3374	30	30	31	30	853	771	746	760	1723	1411	0	3	4	1539	1371	1271	873	4	1350	2953	32	29	28	3339	1043	1095	52	1111	1302	2455	1484	1764	1303	961	963	2494	1585	2440	2775	756	2008	1107	754	961	1441	4076	27	1416	1069	37	1496	1529	4	4	874	1461	2832	34	1226	869	15	27	1581	2865	1427	30	506	1105	2015	1425	3360	878	877	1224
F.RL15000293	37	1346	647	679	637	1494	706	1244	642	742	1068	2353	902	38	36	763	2385	1303	572	1926	3003	2859	1265	1381	3277	29	29	30	29	845	761	736	750	1682	1387	3	0	1	1489	1354	1257	853	1	1333	2889	31	28	27	3313	1034	1078	52	1092	1276	2449	1463	1715	1286	947	949	2489	1563	2408	2708	747	1960	1081	745	947	1417	4029	26	1392	1054	36	1470	1457	1	1	855	1441	2797	33	1172	858	14	26	1545	2767	1407	29	497	1086	1980	1403	3242	866	867	1198
F.RL15000294	38	1351	648	680	638	1488	706	1249	642	743	1073	2351	905	39	37	764	2378	1302	573	1899	3001	2858	1245	1364	3281	30	30	31	30	847	762	737	751	1672	1393	4	1	0	1497	1362	1237	838	0	1341	2888	32	29	28	3300	1035	1083	53	1074	1285	2439	1466	1709	1287	952	954	2479	1546	2411	2709	748	1942	1080	746	952	1400	3993	27	1402	1055	37	1478	1452	2	0	840	1446	2795	34	1179	859	15	27	1532	2773	1412	30	498	1095	1955	1385	3231	867	868	1197
F.RL15000298	1214	2222	1424	1555	1497	1386	1606	2070	1467	1662	2012	2068	1816	987	959	1734	2384	2179	1791	1580	2168	1996	2158	2244	2388	1497	1492	1490	1496	2100	1754	1601	1738	1644	2263	1539	1489	1497	0	2180	2151	1872	1506	2122	2007	1507	1495	1408	2510	2114	1905	1524	2041	2176	3438	2367	1516	2468	1900	1921	2498	1487	1608	1857	1718	1650	2011	1717	1870	2235	4065	1464	2279	2195	1498	2289	734	1460	1503	1851	2434	2518	972	57	2056	1518	1511	2471	1927	2374	1494	1855	2021	1653	2374	2209	2064	2098	2165
F.RL15000300	1159	1345	782	835	790	1586	859	1245	765	915	1273	2035	651	41	40	967	2810	942	1191	1837	2349	2195	1368	1301	2808	1343	1353	1361	1353	1534	962	902	943	1848	956	1371	1354	1362	2180	0	1347	1313	1371	0	2202	1375	1359	1285	3821	622	829	1378	984	316	2954	641	1247	1302	1053	1061	2993	1137	1872	2077	927	1896	1164	931	1050	1084	3643	1338	828	1250	1338	616	1447	1298	1345	1304	1466	2753	37	1201	849	1369	1338	1308	2602	1418	1358	1415	932	1880	1274	2509	877	882	1189
F.RL15000305	1034	1278	776	805	777	1615	827	1222	751	907	1172	1937	1298	60	58	932	2814	1137	1242	1899	2835	2492	51	1029	2785	1244	1245	1251	1241	1389	926	891	921	1850	1087	1271	1257	1237	2151	1347	0	771	1254	1342	2509	1235	1243	1174	3857	1167	1278	1274	1022	1012	3032	1233	1375	1411	1254	1278	3053	1221	2143	2382	899	1920	1013	911	1228	848	3678	1201	1215	845	1218	1196	1477	1212	1246	777	1407	2813	55	1208	1391	1253	1254	1393	2597	1349	1241	1336	1324	1933	384	2802	1416	1391	1134
F.RL15000332	685	1540	547	579	551	1404	599	1408	533	641	1245	2220	1151	55	53	673	2571	1201	933	1649	2846	2780	784	1202	3086	841	856	857	849	1525	662	635	650	1594	1210	873	853	838	1872	1313	771	0	860	1287	2806	845	863	790	3580	980	1151	886	752	1209	2702	1497	1674	1675	885	897	2729	1478	2348	2637	647	1687	1138	648	861	1117	3957	828	1365	1087	848	1524	1488	813	845	1	1701	2799	50	1226	1253	857	848	1480	2820	1648	842	1312	1048	1687	928	2917	1252	1248	1258
F.RL15000334	38	1367	647	682	636	1500	707	1256	642	744	1084	2382	911	39	37	765	2381	1318	572	1939	3040	2899	1262	1397	3317	30	30	31	30	853	764	739	753	1687	1411	4	1	0	1506	1371	1254	860	0	1350	2929	32	29	28	3325	1043	1091	52	1099	1299	2453	1485	1737	1307	963	965	2492	1577	2436	2751	750	1970	1097	747	963	1428	4037	27	1417	1066	37	1497	1479	2	0	862	1461	2809	34	1194	860	15	28	1574	2809	1428	30	506	1103	1982	1411	3291	869	865	1214
F.RL15000335	1140	1329	771	818	776	1560	843	1228	756	901	1258	1998	632	41	40	955	2803	921	1165	1829	2273	2147	1365	1281	2714	1322	1332	1340	1332	1511	950	890	929	1826	939	1350	1333	1341	2122	0	1342	1287	1350	0	2154	1354	1339	1264	3797	606	814	1358	977	303	2952	632	1221	1276	1039	1047	2989	1135	1832	2031	915	1866	1156	917	1036	1081	3633	1317	826	1241	1317	615	1393	1277	1324	1278	1449	2724	37	1149	828	1348	1317	1289	2519	1401	1337	1394	900	1864	1268	2414	854	860	1181
F.RL15000341	2429	2031	2192	2331	2253	1836	2390	1917	2199	2493	2086	1442	2104	1134	1106	2607	3295	2124	2832	2171	2252	4	2551	2383	2369	2891	2889	2910	2874	2563	2630	2440	2602	2158	2361	2953	2889	2888	2007	2202	2509	2806	2929	2154	0	2921	2893	2738	3693	2301	2563	2900	2577	1797	4536	1947	1437	2245	2649	2687	3493	1069	974	1	2561	2228	2219	2569	2634	2207	3445	2843	2323	2503	2847	1856	1167	2793	2905	2803	2243	2680	1124	574	2419	2939	2891	2358	2305	2188	2906	2615	2384	2225	2363	2433	2516	2480	2235
F.RL15000424	37	1361	655	688	642	1511	713	1260	650	750	1083	2381	918	40	37	772	2384	1318	574	1923	3055	2891	1243	1376	3331	2	2	3	2	846	770	744	758	1696	1407	32	31	32	1507	1375	1235	845	32	1354	2921	0	2	27	3318	1047	1096	51	1085	1296	2446	1495	1737	1302	965	966	2486	1556	2429	2740	756	1962	1088	753	964	1409	4019	26	1418	1061	36	1494	1488	31	31	847	1455	2810	34	1212	866	32	26	1554	2822	1421	29	497	1110	1974	1391	3284	875	873	1205
F.RL15000425	35	1346	642	674	629	1493	700	1248	636	735	1076	2357	902	38	35	757	2384	1297	566	1938	3035	2862	1251	1378	3300	0	0	1	0	836	755	729	743	1673	1390	29	28	29	1495	1359	1243	863	29	1339	2893	2	0	25	3311	1034	1082	49	1099	1281	2445	1475	1711	1289	952	953	2485	1565	2413	2713	741	1972	1077	738	951	1412	4025	24	1398	1048	34	1473	1480	28	28	864	1440	2801	32	1202	858	29	24	1551	2789	1406	27	491	1092	1992	1407	3273	867	866	1192
F.RL15000465	34	1306	625	655	612	1432	679	1210	618	715	1042	2238	866	36	34	736	2357	1234	549	1768	2791	2707	1182	1290	3046	25	25	26	25	803	735	710	724	1602	1339	28	27	28	1408	1285	1174	790	28	1264	2738	27	25	0	3233	975	1041	48	1006	1218	2418	1401	1588	1243	892	893	2459	1474	2286	2563	721	1814	1039	718	891	1322	3886	21	1338	1001	33	1395	1312	28	28	791	1393	2722	31	1076	826	29	23	1460	2543	1360	26	475	1013	1836	1306	2963	835	832	1146
F.RL15000506	3071	3958	3286	3410	3358	3186	3467	3806	3275	3515	3755	3850	3412	2808	2788	3587	52	3948	3552	3241	3747	3683	3864	3924	4041	3295	3302	3302	3293	3838	3607	3440	3593	3466	3967	3339	3313	3300	2510	3821	3857	3580	3325	3797	3693	3318	3311	3233	0	3670	3603	3327	3726	3879	919	4027	3173	4126	3597	3622	42	3223	3367	3567	3569	3376	3694	3581	3595	3948	2157	3282	3978	3769	3307	3943	2551	3250	3317	3572	4140	761	2801	2094	3697	3321	3309	4178	3585	3880	3309	3567	3769	3390	3950	3929	3711	3701	3895
S.RL15000323	889	1154	849	902	851	1652	917	1040	838	977	1035	1941	548	43	41	1028	2691	933	1016	1648	2330	2280	1200	1127	2849	1021	1029	1034	1025	1281	1020	970	1002	1887	1074	1043	1034	1035	2114	622	1167	980	1043	606	2301	1047	1034	975	3670	0	725	1055	824	469	2806	972	1396	1210	894	895	2843	1292	1972	2135	990	1705	1166	990	895	978	3774	1012	941	1025	1017	970	1441	990	1023	976	1230	2766	38	1189	680	1041	1027	1260	2510	1192	1031	1104	750	1731	1071	2600	684	719	1167
F.RL15000387	938	1181	743	778	745	1559	800	1099	735	856	1063	1984	677	67	66	891	2630	973	1070	1804	2548	2540	1300	1414	2925	1069	1075	1082	1078	1507	893	851	883	1776	1141	1095	1078	1083	1905	829	1278	1151	1091	814	2563	1096	1082	1041	3603	725	0	1105	961	820	2744	1209	1249	1331	823	820	2787	1576	2071	2393	873	1889	1031	869	825	1337	4085	1068	1142	1210	1078	1230	1471	1027	1074	1149	1277	2793	63	1222	913	1090	1074	1423	2775	1250	1086	1332	966	1877	1280	2657	932	946	1140
F.RL15000657	59	1380	671	704	660	1524	730	1279	665	763	1098	2398	922	60	58	782	2411	1353	594	1941	3061	2874	1282	1402	3319	49	49	50	49	847	781	759	772	1712	1411	52	52	53	1524	1378	1274	886	52	1358	2900	51	49	48	3327	1055	1105	0	1119	1336	2458	1528	1768	1311	960	961	2498	1586	2412	2716	767	1977	1098	766	959	1519	4033	47	1440	1126	57	1494	1516	50	53	888	1477	2844	55	1201	893	53	62	1555	2849	1439	50	515	1116	1989	1417	3316	903	894	1214
F.RL15001282	866	1408	687	739	695	1545	764	1291	688	825	1272	2072	1007	43	41	867	2722	1088	1124	954	2683	2558	1022	1265	2994	1078	1092	1093	1084	1609	863	808	846	1762	1328	1111	1092	1074	2041	984	1022	752	1099	977	2577	1085	1099	1006	3726	824	961	1119	0	919	2885	1262	1441	1694	354	364	2923	1441	2264	2430	830	949	1304	839	340	1123	3956	1049	1187	1244	1057	1229	1459	1043	1082	750	1564	2805	38	1188	1244	1094	1087	1358	2637	1513	1073	1343	852	930	948	2683	1277	1285	1330
F.RL15000527	1078	920	892	954	916	1736	973	905	877	1043	1023	1667	566	51	50	1096	2824	716	1239	1812	2125	1795	1035	905	2564	1274	1274	1297	1273	1247	1096	1028	1078	2015	840	1302	1276	1285	2176	316	1012	1209	1299	303	1797	1296	1281	1218	3879	469	820	1336	919	0	3008	249	975	924	1026	1047	3024	778	1542	1682	1051	1860	894	1062	1034	815	3145	1261	693	980	1296	157	1566	1214	1280	1210	1000	2858	47	1266	728	1298	1294	1038	2287	949	1284	1069	829	1848	882	2415	785	771	894
F.RL15000663	2390	3181	2574	2635	2604	3412	2669	3057	2544	2727	2971	4029	2655	1894	1893	2744	32	3116	2696	3679	4522	4511	3035	3115	4853	2439	2442	2444	2439	2971	2747	2703	2741	3681	3097	2455	2449	2439	3438	2954	3032	2702	2453	2952	4536	2446	2445	2418	919	2806	2744	2458	2885	3008	0	3178	3397	3246	2765	2783	11	3331	4050	4377	2728	3781	2849	2737	2777	3163	2054	2434	3117	2962	2444	3108	3282	2393	2449	2703	3280	1012	1888	3080	2820	2453	2448	3345	4450	3037	2452	2725	2913	3776	3092	4788	2814	2802	2990
F.RL15000666	1269	1074	1073	1129	1081	1890	1164	1072	1039	1244	1185	1807	789	41	40	1310	2939	893	1474	2136	2519	1937	1255	1126	2656	1472	1468	1491	1466	1344	1307	1243	1280	2219	1094	1484	1463	1466	2367	641	1233	1497	1485	632	1947	1495	1475	1401	4027	972	1209	1528	1262	249	3178	0	1024	960	1349	1376	3193	919	1790	1835	1257	2171	915	1262	1361	1082	3305	1452	907	1179	1482	200	1555	1391	1458	1494	1154	2843	37	1275	1124	1477	1489	1190	2476	1104	1490	1205	1113	2170	1090	2563	1170	1161	961
F.RL15000695	1447	1253	1164	1246	1170	1246	1253	1235	1152	1345	1217	1139	1106	338	316	1413	2932	863	1707	1516	1657	1437	1424	1648	1608	1713	1709	1726	1695	1776	1429	1350	1415	1479	1333	1764	1715	1709	1516	1247	1375	1674	1737	1221	1437	1737	1711	1588	3173	1396	1249	1768	1441	975	3397	1024	0	1439	1449	1497	3121	1014	1161	1327	1378	1472	1130	1377	1432	1393	3133	1669	1246	1505	1690	934	576	1626	1716	1668	1407	2193	312	392	1412	1750	1725	1398	1734	1351	1720	1698	1406	1473	1278	1761	1513	1481	1257
F.RL15000716	1157	865	1202	1254	1212	2017	1270	827	1175	1368	762	1853	1081	51	49	1432	3100	1228	1350	2530	2852	2216	1454	1361	2801	1292	1282	1299	1278	1300	1427	1368	1408	2331	1375	1303	1286	1287	2468	1302	1411	1675	1307	1276	2245	1302	1289	1243	4126	1210	1331	1311	1694	924	3246	960	1439	0	1567	1583	3289	1383	1918	2098	1385	2617	1036	1386	1571	1409	3719	1266	1307	1187	1285	953	1532	1239	1290	1673	896	2806	46	1260	1168	1300	1291	1527	2917	872	1300	1223	1488	2636	1453	3026	1186	1206	1179
F.RL15001323	785	1318	669	709	670	1498	732	1218	664	795	1186	2054	949	39	37	842	2617	1151	1014	1195	2710	2615	1253	1240	2889	936	944	957	944	1422	840	783	819	1719	1363	961	947	952	1900	1053	1254	885	963	1039	2649	965	952	892	3597	894	823	960	354	1026	2765	1349	1449	1567	0	9	2807	1560	2272	2464	806	1207	1226	809	11	1241	4036	936	1333	1156	928	1227	1395	899	945	886	1440	2786	34	1154	1104	958	927	1341	2639	1391	951	1186	843	1207	1154	2728	1144	1141	1236
F.RL15001332	786	1330	675	716	678	1518	740	1217	670	802	1191	2086	954	44	42	849	2630	1172	1013	1221	2783	2654	1277	1277	2967	937	945	958	945	1437	847	790	826	1737	1389	963	949	954	1921	1061	1278	897	965	1047	2687	966	953	893	3622	895	820	961	364	1047	2783	1376	1497	1583	9	0	2824	1590	2296	2504	813	1225	1239	816	4	1271	4077	937	1347	1171	929	1251	1464	901	947	898	1453	2820	39	1213	1105	960	928	1380	2732	1404	952	1202	845	1225	1180	2825	1146	1144	1250
F.RL15001335	2432	3215	2607	2668	2635	2585	2701	3100	2582	2754	3024	3242	2701	1946	1945	2771	10	3136	2730	2811	3201	3476	3056	3132	3523	2478	2482	2483	2479	3004	2774	2732	2768	2752	3134	2494	2489	2479	2498	2993	3053	2729	2492	2989	3493	2486	2485	2459	42	2843	2787	2498	2923	3024	11	3193	3121	3289	2807	2824	0	3268	3297	3390	2756	2910	2873	2765	2819	3190	1334	2474	3148	2966	2485	3139	1992	2436	2488	2736	3311	166	1939	1969	2850	2492	2473	3372	3072	3068	2491	2750	2949	2921	3124	3426	2842	2821	3002
S.RL15000315	1292	1111	1058	1110	1047	1046	1131	1076	1043	1240	1244	974	1314	76	76	1271	3020	1142	1612	1415	1328	1063	1227	1187	1443	1553	1564	1571	1546	1289	1268	1225	1256	1253	1179	1585	1563	1546	1487	1137	1221	1478	1577	1135	1069	1556	1565	1474	3223	1292	1576	1586	1441	778	3331	919	1014	1383	1560	1590	3268	0	1191	1019	1233	1463	1071	1241	1528	891	2008	1524	1160	1206	1526	814	180	1500	1553	1485	1253	1931	71	119	1209	1569	1563	1429	1398	1199	1558	1206	1430	1479	1223	1480	1245	1202	1012
F.RL15000057	2018	1897	1934	2049	1968	1685	2088	1793	1922	2180	1861	1507	1704	874	851	2269	3114	1783	2419	1883	1482	962	2154	2137	1657	2398	2400	2418	2399	2278	2291	2120	2274	1967	2042	2440	2408	2411	1608	1872	2143	2348	2436	1832	974	2429	2413	2286	3367	1972	2071	2412	2264	1542	4050	1790	1161	1918	2272	2296	3297	1191	0	907	2238	1958	1952	2247	2255	1929	3391	2371	1985	2061	2386	1756	582	2333	2415	2329	2085	2419	863	293	1998	2429	2393	2093	1704	2015	2410	2323	2055	1959	2019	1764	2050	2053	2095
F.RL15000059	2271	1912	2085	2217	2140	1762	2278	1801	2090	2375	1949	1363	1943	1077	1049	2488	3190	2009	2668	2038	2004	3	2419	2208	2106	2712	2708	2730	2695	2400	2511	2319	2485	2076	2234	2775	2708	2709	1857	2077	2382	2637	2751	2031	1	2740	2713	2563	3567	2135	2393	2716	2430	1682	4377	1835	1327	2098	2464	2504	3390	1019	907	0	2442	2085	2109	2451	2450	2076	3358	2665	2199	2345	2665	1745	1006	2615	2726	2633	2122	2603	1066	485	2254	2759	2707	2201	2049	2065	2726	2452	2215	2096	2235	2105	2358	2321	2126
F.RL15000106	658	1361	8	14	11	825	13	1232	11	5	1046	2080	970	16	14	13	2595	1045	165	1687	2724	2552	898	1133	2745	736	748	743	747	1291	12	5	18	914	1071	756	747	748	1718	927	899	647	750	915	2561	756	741	721	3569	990	873	767	830	1051	2728	1257	1378	1385	806	813	2756	1233	2238	2442	0	1754	1071	12	799	1073	3741	735	1044	983	742	1219	1437	706	737	647	1426	2765	45	1148	938	749	744	1174	2514	1407	751	1122	894	1735	1097	2556	946	937	1152
S.RL15001553	1576	2221	1481	1605	1534	1545	1632	2082	1465	1703	2090	2087	1791	981	950	1795	2709	1991	2007	78	2235	2217	1951	2092	2508	1953	1958	1961	1943	2441	1795	1632	1774	1805	2256	2008	1960	1942	1650	1896	1920	1687	1970	1866	2228	1962	1972	1814	3376	1705	1889	1977	949	1860	3781	2171	1472	2617	1207	1225	2910	1463	1958	2085	1754	0	2185	1762	1183	1967	4111	1893	2125	2084	1905	2084	992	1901	1955	1676	2467	2801	968	754	2129	1974	1924	2243	2180	2396	1938	2196	1762	11	1857	2210	2176	2201	2264
S.RL15001554	966	1007	938	975	930	1766	1002	969	928	1076	981	1802	916	54	53	1092	2706	850	1118	2150	2741	2201	1005	1154	2707	1081	1080	1095	1078	930	1091	1058	1089	2007	899	1107	1081	1080	2011	1164	1013	1138	1097	1156	2219	1088	1077	1039	3694	1166	1031	1098	1304	894	2849	915	1130	1036	1226	1239	2873	1071	1952	2109	1071	2185	0	1078	1227	976	3516	1061	907	846	1072	932	1471	1044	1083	1145	1065	2778	50	1198	929	1099	1082	1318	2624	1026	1093	1041	1313	2174	1116	2790	946	912	131
S.RL15001561	653	1389	12	10	7	825	7	1246	7	9	1063	2093	974	12	8	3	2603	1060	169	1704	2710	2562	910	1144	2747	733	747	742	744	1300	8	11	8	910	1092	754	745	746	1717	931	911	648	747	917	2569	753	738	718	3581	990	869	766	839	1062	2737	1262	1377	1386	809	816	2765	1241	2247	2451	12	1762	1078	0	802	1081	3743	733	1064	995	739	1229	1420	705	735	649	1458	2779	41	1136	942	749	743	1178	2510	1440	747	1129	892	1753	1111	2550	947	939	1162
F.RL15001321	786	1316	662	702	664	1489	725	1216	656	788	1183	2053	952	46	44	835	2625	1151	1001	1173	2679	2600	1227	1228	2839	935	943	956	943	1426	833	776	812	1705	1349	961	947	952	1870	1050	1228	861	963	1036	2634	964	951	891	3595	895	825	959	340	1034	2777	1361	1432	1571	11	4	2819	1528	2255	2450	799	1183	1227	802	0	1224	3993	935	1329	1158	927	1230	1375	899	945	863	1443	2768	41	1142	1097	958	926	1326	2614	1389	950	1191	839	1183	1130	2672	1136	1133	1234
F.RL15001327	1194	1290	900	950	897	1712	983	1233	898	1080	1375	1890	1243	42	40	1110	3026	1117	1352	1917	2704	2191	837	810	2786	1411	1410	1424	1403	1196	1106	1078	1094	1980	1127	1441	1417	1400	2235	1084	848	1117	1428	1081	2207	1409	1412	1322	3948	978	1337	1519	1123	815	3163	1082	1393	1409	1241	1271	3190	891	1929	2076	1073	1967	976	1081	1224	0	3383	1373	1082	748	1456	942	1406	1363	1412	1126	1413	2821	37	1180	1071	1426	1418	1156	2410	1354	1408	1072	1193	1964	961	2710	1169	1068	888
S.RL15001593	3639	3516	3419	3550	3466	3388	3593	3438	3413	3711	3635	3291	3674	2638	2625	3772	1144	3607	4085	4008	4226	3441	3712	3555	4329	4013	4023	4029	4002	3767	3787	3679	3763	3664	3651	4076	4029	3993	4065	3643	3678	3957	4037	3633	3445	4019	4025	3886	2157	3774	4085	4033	3956	3145	2054	3305	3133	3719	4036	4077	1334	2008	3391	3358	3741	4111	3516	3743	3993	3383	0	3970	3654	3652	3975	3210	3167	3936	4021	3955	3710	1001	2621	2928	3657	4062	4016	3903	4198	3453	4027	3695	3870	4119	3668	4353	3748	3684	3515
S.RL15001595	33	1331	637	670	625	1476	695	1233	632	730	1058	2321	889	35	33	751	2370	1270	563	1857	2927	2812	1209	1336	3193	24	24	25	24	831	749	724	738	1654	1374	27	26	27	1464	1338	1201	828	27	1317	2843	26	24	21	3282	1012	1068	47	1049	1261	2434	1452	1669	1266	936	937	2474	1524	2371	2665	735	1893	1061	733	935	1373	3970	0	1387	1032	32	1448	1395	27	27	830	1421	2783	30	1132	852	28	22	1509	2680	1385	25	483	1071	1915	1355	3131	860	857	1177
S.RL15001605	1201	1242	898	938	897	1702	968	1181	886	1056	1211	1977	932	32	30	1103	2958	877	1230	2069	2725	2309	1231	1333	2753	1400	1398	1417	1392	1330	1095	1036	1076	2002	429	1416	1392	1402	2279	828	1215	1365	1417	826	2323	1418	1398	1338	3978	941	1142	1440	1187	693	3117	907	1246	1307	1333	1347	3148	1160	1985	2199	1044	2125	907	1064	1329	1082	3654	1387	0	1099	1405	851	1403	1338	1398	1367	1343	2731	27	1161	1046	1412	1400	1349	2724	1298	1412	1287	1256	2115	1227	2734	1107	1063	929
S.RL15001629	901	1201	829	872	831	1658	890	1163	815	994	1249	2105	1019	41	39	1026	2811	1249	1072	2038	2905	2488	856	899	2895	1049	1045	1062	1038	1009	1019	977	1009	1926	1186	1069	1054	1055	2195	1250	845	1087	1066	1241	2503	1061	1048	1001	3769	1025	1210	1126	1244	980	2962	1179	1505	1187	1156	1171	2966	1206	2061	2345	983	2084	846	995	1158	748	3652	1032	1099	0	1085	1072	1481	1009	1050	1095	1271	2844	36	1164	976	1063	1068	1327	2687	1223	1058	900	1347	2105	908	2936	1022	979	820
S.RL15001638	44	1346	647	682	635	1489	703	1247	641	736	1082	2339	890	45	43	757	2400	1315	574	1867	2952	2821	1227	1343	3200	34	34	35	34	820	756	733	745	1665	1383	37	36	37	1498	1338	1218	848	37	1317	2847	36	34	33	3307	1017	1078	57	1057	1296	2444	1482	1690	1285	928	929	2485	1526	2386	2665	742	1905	1072	739	927	1456	3975	32	1405	1085	0	1448	1429	36	37	850	1441	2817	40	1149	868	38	47	1502	2724	1407	31	489	1066	1926	1359	3166	878	869	1179
S.RL15001642	1247	1021	1033	1088	1037	1824	1118	1023	1009	1212	1150	1705	850	40	39	1278	2921	870	1496	2033	2294	1847	1220	1090	2439	1470	1468	1490	1463	1239	1271	1200	1249	2151	1060	1496	1470	1478	2289	616	1196	1524	1497	615	1856	1494	1473	1395	3943	970	1230	1494	1229	157	3108	200	934	953	1227	1251	3139	814	1756	1745	1219	2084	932	1229	1230	942	3210	1448	851	1072	1448	0	1391	1407	1469	1524	1110	2731	36	1146	1063	1490	1465	1108	2301	1060	1482	1160	1064	2097	1056	2320	1106	1094	944
S.RL15001653	1114	1243	1085	1233	1205	1006	1280	1118	1139	1340	1202	1008	1164	1476	1404	1458	1916	1495	1426	1093	3	1172	1534	1393	102	1460	1463	1469	1462	1515	1509	1298	1482	1336	1449	1529	1457	1452	734	1447	1477	1488	1479	1393	1167	1488	1480	1312	2551	1441	1471	1516	1459	1566	3282	1555	576	1532	1395	1464	1992	180	582	1006	1437	992	1471	1420	1375	1406	3167	1395	1403	1481	1429	1391	0	1411	1483	1484	1464	2784	1423	868	1473	1512	1495	1474	95	1401	1477	1468	1422	981	1482	49	1552	1546	1600
F.RL15000291	38	1307	620	648	614	1451	670	1211	616	702	1050	2272	866	39	37	721	2371	1236	554	1863	2893	2762	1220	1330	3161	29	29	30	29	814	719	694	711	1618	1350	4	1	2	1460	1298	1212	813	2	1277	2793	31	28	28	3250	990	1027	50	1043	1214	2393	1391	1626	1239	899	901	2436	1500	2333	2615	706	1901	1044	705	899	1363	3936	27	1338	1009	36	1407	1411	0	2	812	1394	2757	34	1162	823	15	27	1486	2651	1362	30	479	1007	1921	1342	3097	835	835	1151
F.RL15000299	38	1354	641	674	631	1497	700	1247	637	732	1071	2367	898	39	37	753	2382	1292	567	1926	3020	2875	1254	1384	3307	29	29	30	29	853	751	726	740	1678	1388	4	1	0	1503	1345	1246	845	0	1324	2905	31	28	28	3317	1023	1074	53	1082	1280	2449	1458	1716	1290	945	947	2488	1553	2415	2726	737	1955	1083	735	945	1412	4021	27	1398	1050	37	1469	1483	2	0	847	1449	2807	34	1202	853	15	27	1547	2804	1415	30	506	1084	1975	1400	3269	862	862	1201
F.RL15000330	686	1540	549	581	553	1392	601	1402	534	642	1240	2208	1144	56	54	673	2573	1201	931	1639	2833	2777	790	1209	3079	843	858	858	851	1532	662	634	650	1582	1212	874	855	840	1851	1304	777	1	862	1278	2803	847	864	791	3572	976	1149	888	750	1210	2703	1494	1668	1673	886	898	2736	1485	2329	2633	647	1676	1145	649	863	1126	3955	830	1367	1095	850	1524	1484	812	847	0	1701	2799	51	1220	1250	859	849	1487	2816	1648	843	1317	1042	1680	929	2907	1248	1243	1265
F.RL15000337	1271	3	1255	1319	1272	2097	1355	56	1268	1431	231	1044	1140	14	12	1497	3130	1140	1474	2395	2838	2214	1425	1417	2356	1443	1438	1456	1435	1260	1484	1414	1473	2377	1289	1461	1441	1446	2434	1466	1407	1701	1461	1449	2243	1455	1440	1393	4140	1230	1277	1477	1564	1000	3280	1154	1407	896	1440	1453	3311	1253	2085	2122	1426	2467	1065	1458	1443	1413	3710	1421	1343	1271	1441	1110	1464	1394	1449	1701	0	2792	43	1223	1213	1460	1452	1563	2858	4	1453	1248	1453	2483	1373	3029	1265	1256	1045
