	105120_RL1500008701-1	105136_RL1500010701-1	105144_RL1500011801-1	105145_RL1500011901-1	105156_RL1500013601-1	105157_RL1500013701-1	105158_RL1500013801-1	105159_RL1500013901-1	105161_RL1500014301-1	105168_RL1500018301-1	106084_RL1500020501-1	106088_RL1500020701-1	118084_RL1500006801-2	118096_RL1500014601-2	118098_RL1500003901-2	118099_RL1500005401-2	118101_RL1500007801-2	118106_RL1500014701-2	118116_RL1500015501-2	118118_RL1500004501-2	150672_RL1500019901-1	150675_RL1500020401-1	150680_RL1500022201-1	150684_RL1500022701-1	150691_RL1500023401-1	150865_RL1500034502-1	150874_RL1500035402-1	150876_RL1500035602-1	150877_RL1500035702-1	150891_RL1500037302-1	150893_RL1500037502-1	150911_RL1500040802-1	153211_RL1500021501-2	153268_RL1500033801-2	153504_RL1500046101-1	153506_RL1500046301-1	153507_RL1500046401-1	153522_RL1500047901-1	153523_RL1500048001-1	153530_RL1500048701-1	153534_RL1500049101-1	153544_RL1500050301-1	153549_RL1500050801-1	153550_RL1500050901-1	153551_RL1500051001-1	153553_RL1500051401-1	159972_RL1500027802-2	159992_RL1500054202-2	160004_RL1500065902-2	160005_RL1500067702-2	160009_RL1500071502-2	160010_RL1500071702-2	160013_RL1500072202-2	160016_RL1500127902-2	160028_RL1500052201-2	160029_RL1500052301-2	160030_RL1500052401-2	160031_RL1500052501-2	160034_RL1500052801-2	160035_RL1500052901-2	160036_RL1500053001-2	160037_RL1500053101-2	160039_RL1500053301-2	160047_RL1500066201-2	160053_RL1500066901-2	160058_RL1500067601-2	160059_RL1500067801-2	160062_RL1500068101-2	160080_RL1500070101-2	160085_RL1500070601-2	163331_RL1500130401-2	163355_RL1500133401-2	163369_RL1500134901-2	165012_RL1500031402-1	165029_RL1500051301-1	165060_RL1500072302-1	168131_RL1500003502-2	168147_RL1500007002-2	168149_RL1500007402-2	168157_RL1500015102-2	168162_RL1500016402-2	168170_RL1500017602-2	168201_RL1500138501-2	172343_RL1500142401-2	172344_RL1500142501-2	172348_RL1500152301-2	172359_RL1500153701-2	172360_RL1500153801-2	175629_RL1500129601-2	175655_RL1500165001-2	176120_RL1400007301-1	176121_RL1400007501-1	176129_RL1500130601-1	176138_RL1500157901-1	176172_RL1500161601-1	176175_RL1500161901-1	176388_RL1500160001-1	188203_RL1400008701-1	188209_RL1500001201-1	188212_RL1500002801-1	188217_RL1500007701-1	188218_RL1500012401-1	191708_RL1400008601-2	191974_RL1500244001-1	27074_RL1000010-1	27075_RL10000011-1	5618_RL10000072-2	5631_RL10000088-2	7601_RL14000008-2	RL15003017	SLCC2479
F.RL15000087	0	10	7	737	641	1148	1084	1120	560	10	789	799	186	1406	504	13	12	1317	10	1113	762	207	740	792	439	503	704	501	512	666	1191	1632	788	1601	1330	908	659	789	821	181	1291	602	1575	548	1410	600	802	1271	1268	793	872	867	604	668	1705	1681	779	779	758	662	497	664	777	909	926	1234	1419	1242	155	873	1376	672	1313	898	1365	161	803	734	9	1354	703	203	212	1374	1379	1387	1417	899	1560	1147	845	838	1374	1023	1225	764	691	867	787	464	10	12	857	1325	435	412	824	815	462	819	1582
F.RL15000107	10	0	3	698	583	1108	1069	1084	526	8	741	751	182	1348	467	8	8	1276	6	1083	719	193	697	744	401	452	663	449	461	651	1137	1544	739	1535	1261	863	646	758	722	173	1203	578	1438	528	1308	584	706	1202	1169	739	797	852	548	642	1615	1579	742	742	752	641	484	643	741	852	868	1169	1336	1185	151	797	1297	664	1243	807	1288	158	773	687	10	1284	634	197	202	1242	1247	1255	1308	845	1474	1090	791	785	1291	953	1144	744	656	812	699	426	6	8	802	1252	385	363	771	762	404	772	1445
F.RL15000118	7	3	0	599	648	578	524	561	568	5	643	639	58	892	183	6	5	836	3	372	631	78	608	646	287	374	630	363	368	55	607	837	630	907	757	135	111	184	685	61	716	48	774	517	611	80	801	612	630	57	713	175	262	114	923	906	49	48	44	123	382	127	47	538	551	615	646	632	51	714	641	92	757	786	524	27	148	615	7	778	712	133	90	689	693	698	626	785	818	572	801	795	640	888	660	170	552	824	789	280	3	5	814	586	345	331	784	775	369	672	782
F.RL15000119	737	698	599	0	682	1298	1210	1269	562	708	6	141	9	1240	574	690	683	1178	704	1339	10	14	9	8	721	930	863	939	945	1184	1366	1679	139	1845	1284	1368	658	1321	672	702	1118	1227	1261	1049	1226	1048	841	942	1616	1367	620	1417	1088	690	1597	1595	1412	1415	1401	1079	834	1091	1411	1411	1424	1442	1641	1451	661	619	1529	1307	1566	518	1661	627	703	10	784	1314	752	184	564	1129	1128	1140	1790	660	1616	1364	1110	1103	1517	1217	1279	1241	367	1130	823	673	787	789	1121	1527	895	853	1089	1070	952	9	1267
F.RL15000136	641	583	648	682	0	700	622	669	2	621	786	769	60	819	128	587	574	772	601	741	750	64	699	770	732	753	810	744	742	716	539	1263	753	1177	439	736	93	719	470	665	518	720	557	834	709	687	10	804	575	729	742	728	677	92	893	876	725	726	723	664	729	683	735	478	484	799	619	804	718	741	865	751	1124	536	947	705	89	690	682	802	12	108	601	473	477	481	1036	664	1222	876	1001	998	853	1158	413	744	725	1020	9	681	706	707	1010	534	608	567	969	961	674	793	562
F.RL15000137	1148	1108	578	1298	700	0	0	5	666	1144	1434	1347	651	1356	880	1102	1109	1289	1119	1167	1371	786	1317	1409	840	673	268	689	689	1375	1122	1446	1335	1322	1062	1129	597	602	1052	832	1195	1309	1515	756	1400	1035	828	1265	1323	1363	840	1333	1433	668	1777	1758	1441	1439	1269	1061	896	1077	1436	1479	1498	21	1436	21	701	844	1466	1048	1518	1101	1432	1246	1000	1294	1214	1244	760	268	1148	1282	1287	1295	1424	1612	1390	21	986	986	1460	936	1033	1137	1347	1001	815	1314	1256	1259	999	1302	816	798	963	950	825	1451	1522
F.RL15000138	1084	1069	524	1210	622	0	0	5	594	1088	1317	1234	635	1269	847	1063	1062	1213	1073	1080	1260	763	1228	1292	742	614	240	631	631	1275	1032	1311	1223	1214	968	1018	572	546	919	757	1068	1217	1315	687	1255	955	728	1170	1197	1241	759	1229	1331	638	1625	1608	1318	1316	1175	975	795	991	1313	1391	1406	21	1307	21	627	763	1330	962	1420	946	1346	1168	943	1197	1145	1160	670	246	1092	1119	1124	1131	1305	1493	1249	17	879	878	1324	838	934	1056	1254	893	714	1217	1182	1185	893	1170	746	730	863	845	753	1333	1316
F.RL15000139	1120	1084	561	1269	669	5	5	0	640	1121	1391	1309	646	1320	841	1083	1085	1254	1095	1132	1334	779	1283	1366	797	647	263	663	663	1341	1099	1380	1297	1277	1050	1084	598	579	997	805	1151	1270	1428	724	1325	1007	785	1219	1272	1313	803	1297	1375	656	1730	1712	1388	1385	1226	1030	876	1045	1383	1453	1472	26	1396	26	669	807	1407	1015	1462	1048	1390	1215	967	1259	1190	1211	719	259	1128	1207	1212	1220	1341	1583	1320	22	934	933	1402	881	1012	1105	1294	948	771	1276	1224	1229	949	1265	793	778	918	899	801	1408	1435
F.RL15000143	560	526	568	562	2	666	594	640	0	547	654	639	60	787	126	519	515	737	534	677	625	65	602	640	628	705	771	697	696	623	508	1145	623	1069	394	647	90	658	360	577	400	631	402	749	616	606	11	695	534	638	660	631	572	90	838	821	635	637	631	590	629	607	644	441	448	760	582	766	626	657	819	654	1061	390	910	616	88	580	602	768	13	117	543	362	366	370	940	564	1110	846	906	904	809	1047	378	657	640	924	10	578	618	618	915	497	573	533	883	869	637	664	405
F.RL15000183	10	8	5	708	621	1144	1088	1121	547	0	749	757	184	1386	502	11	10	1296	8	1096	725	198	713	752	420	473	692	471	482	657	1191	1586	746	1568	1326	904	657	786	774	174	1256	588	1523	537	1365	590	780	1232	1252	778	825	868	582	666	1670	1645	765	765	761	656	496	658	764	901	917	1223	1408	1239	150	825	1356	672	1261	850	1313	158	788	696	10	1339	679	203	209	1331	1336	1344	1381	885	1518	1138	796	789	1352	978	1202	758	676	818	765	447	8	10	808	1317	413	391	775	766	440	779	1529
F.RL15000205	789	741	643	6	786	1434	1317	1391	654	749	0	143	3	1329	593	732	721	1255	748	1462	5	2	4	2	770	1003	977	1011	1018	1290	1559	1896	140	2009	1462	1547	699	1460	812	762	1295	1337	1586	1148	1433	1148	1005	1033	1837	1509	705	1564	1147	742	1816	1807	1563	1563	1523	1184	919	1196	1562	1586	1603	1650	1881	1646	722	703	1723	1431	1686	683	1850	690	746	5	845	1457	873	180	612	1334	1333	1345	2055	773	1825	1527	1261	1253	1702	1322	1455	1356	388	1282	985	723	848	851	1278	1762	982	940	1241	1206	1065	4	1594
F.RL15000207	799	751	639	141	769	1347	1234	1309	639	757	143	0	127	1433	561	743	730	1347	756	1475	124	139	134	145	849	952	1053	963	968	1292	1680	1963	7	1996	1496	1615	727	1372	844	825	1320	1424	1539	1157	1383	1254	993	1155	1786	1422	702	1557	1129	760	1814	1803	1643	1643	1524	1312	993	1324	1642	1532	1548	1547	1879	1545	804	699	1802	1401	1725	760	1801	822	827	120	861	1486	856	244	728	1396	1396	1408	2015	883	1891	1426	1248	1240	1772	1311	1479	1454	530	1269	974	798	866	869	1265	1865	1033	991	1227	1198	1116	141	1548
F.RL15000068	186	182	58	9	60	651	635	646	60	184	3	127	0	538	496	186	187	522	181	735	7	4	6	5	245	202	183	209	208	547	555	741	125	841	632	715	583	654	249	140	637	602	795	103	783	453	73	627	810	721	236	750	586	610	810	808	756	755	757	481	196	481	753	636	645	690	818	689	86	241	712	677	642	148	888	44	616	7	195	597	67	157	27	641	646	652	763	59	699	667	201	203	714	280	577	623	51	204	71	191	196	197	204	693	140	128	194	188	140	6	800
F.RL15000146	1406	1348	892	1240	819	1356	1269	1320	787	1386	1329	1433	538	0	752	1346	1333	0	1384	1471	1306	619	1214	1311	1062	1059	962	1071	1070	1503	1140	1823	1429	1942	1098	1602	414	1540	1070	999	1193	1601	1805	1097	1629	1106	879	1046	1732	1613	967	1372	1664	651	1475	1470	1785	1783	1219	1123	1066	1139	1781	1813	1835	1472	1611	1481	956	971	1413	1251	1506	1095	1829	1436	831	1267	1486	957	865	243	1367	1543	1546	1551	1931	1520	1785	1343	1391	1389	1418	1390	1154	1219	1313	1406	868	1462	1508	1505	1403	1491	1076	1027	1381	1352	1122	1333	1810
F.RL15000039	504	467	183	574	128	880	847	841	126	502	593	561	496	752	0	478	478	727	485	1019	581	537	555	593	363	275	328	280	281	875	839	1106	559	1006	810	1043	819	901	380	311	823	625	1236	178	1233	793	148	815	553	787	400	852	317	849	1085	1081	795	786	938	810	318	805	787	804	811	925	1096	920	267	404	1079	829	431	311	1007	555	1000	578	522	838	141	251	559	915	920	927	1143	614	1068	839	266	267	1079	437	810	816	571	267	146	540	526	528	266	1115	248	237	256	249	260	598	1244
F.RL15000054	13	8	6	690	587	1102	1063	1083	519	11	732	743	186	1346	478	0	6	1259	9	1088	710	202	697	735	416	466	652	464	475	673	1150	1560	731	1539	1288	893	661	773	718	181	1206	589	1456	527	1327	593	732	1206	1196	772	798	866	567	662	1630	1605	762	762	769	660	482	662	761	859	876	1172	1364	1188	152	798	1316	680	1244	795	1294	163	791	680	13	1303	643	204	211	1263	1268	1276	1349	860	1486	1085	799	792	1313	952	1169	754	636	820	718	445	5	9	810	1275	387	367	778	769	412	763	1460
F.RL15000078	12	8	5	683	574	1109	1062	1085	515	10	721	730	187	1333	478	6	0	1253	8	1075	698	199	688	724	407	450	659	448	459	649	1134	1530	718	1518	1271	878	644	767	695	177	1168	573	1415	508	1297	584	694	1173	1182	763	774	846	555	648	1603	1574	748	748	755	647	482	649	747	854	870	1171	1348	1187	153	774	1305	663	1211	769	1276	162	773	669	12	1282	626	202	209	1230	1235	1243	1317	848	1465	1091	762	755	1300	935	1146	744	636	784	684	434	2	8	774	1257	384	367	741	732	407	752	1421
F.RL15000147	1317	1276	836	1178	772	1289	1213	1254	737	1296	1255	1347	522	0	727	1259	1253	0	1298	1387	1234	604	1151	1237	994	987	895	999	998	1419	1052	1687	1343	1831	1009	1481	390	1448	987	933	1093	1488	1635	1035	1492	1036	830	979	1616	1513	891	1259	1549	602	1359	1347	1667	1665	1126	1049	989	1065	1663	1719	1741	1382	1491	1390	889	894	1287	1151	1409	997	1735	1351	806	1196	1398	879	818	239	1288	1435	1438	1444	1789	1425	1645	1276	1306	1305	1291	1311	1069	1138	1237	1322	819	1373	1419	1414	1324	1391	1020	971	1296	1267	1049	1259	1641
F.RL15000155	10	6	3	704	601	1119	1073	1095	534	8	748	756	181	1384	485	9	8	1298	0	1090	724	194	709	751	408	468	655	467	478	666	1155	1572	745	1564	1300	897	664	766	737	170	1232	587	1482	524	1358	602	740	1231	1207	769	814	871	564	657	1648	1612	762	762	775	665	478	667	761	856	872	1184	1365	1201	148	814	1329	684	1250	808	1305	156	800	695	10	1307	657	193	204	1289	1294	1302	1374	864	1497	1103	790	783	1323	961	1172	766	647	812	725	436	6	8	802	1276	381	360	769	760	402	778	1488
F.RL15000045	1113	1083	372	1339	741	1167	1080	1132	677	1096	1462	1475	735	1471	1019	1088	1075	1387	1090	0	1419	899	1364	1450	640	738	737	739	748	1196	1349	648	1471	1339	1293	567	725	1083	809	531	1310	1000	780	668	770	1039	877	1372	1484	1126	820	1177	1344	502	1774	1781	818	815	1125	1124	762	1135	816	1756	1783	1276	1615	1300	547	816	770	1018	1541	795	1818	1157	782	1352	1204	1411	813	240	1138	1194	1217	1233	310	1366	629	1308	761	756	753	779	1293	1119	1396	784	863	1237	1246	1243	768	1393	640	612	742	734	671	1491	781
F.RL15000199	762	719	631	10	750	1371	1260	1334	625	725	5	124	7	1306	581	710	698	1234	724	1419	0	6	7	7	764	978	956	987	993	1268	1530	1842	123	1949	1424	1513	689	1410	782	754	1249	1310	1472	1146	1340	1132	955	1017	1783	1469	679	1525	1113	724	1754	1744	1524	1525	1483	1170	911	1182	1523	1537	1554	1587	1813	1583	716	677	1663	1389	1648	644	1797	679	730	8	820	1427	831	186	603	1281	1281	1293	1951	755	1766	1465	1245	1237	1644	1278	1421	1335	385	1266	938	719	822	824	1262	1715	958	916	1223	1195	1041	7	1479
F.RL15000204	207	193	78	14	64	786	763	779	65	198	2	139	4	619	537	202	199	604	194	899	6	0	5	4	276	239	200	243	244	675	670	928	135	1012	750	939	698	809	282	168	758	714	1055	121	1036	546	74	723	958	883	323	891	629	735	978	979	929	926	884	574	229	574	925	692	701	861	983	852	99	328	893	814	726	176	999	46	706	6	203	719	71	176	29	795	801	807	1007	63	881	818	229	230	899	332	697	718	54	232	73	215	200	200	231	859	169	157	221	215	170	15	1064
F.RL15000222	740	697	608	9	699	1317	1228	1283	602	713	4	134	6	1214	555	697	688	1151	709	1364	7	5	0	6	719	943	893	953	958	1194	1448	1721	137	1854	1344	1405	661	1349	715	710	1168	1233	1330	1088	1223	1063	858	939	1679	1395	592	1446	1087	693	1685	1668	1437	1438	1412	1093	864	1104	1436	1486	1503	1501	1736	1503	675	590	1578	1331	1566	565	1722	636	695	7	787	1345	774	183	567	1185	1185	1197	1801	684	1643	1410	1167	1161	1557	1208	1344	1260	358	1189	848	672	789	794	1187	1626	907	873	1148	1119	976	3	1340
F.RL15000227	792	744	646	8	770	1409	1292	1366	640	752	2	145	5	1311	593	735	724	1237	751	1450	7	4	6	0	776	995	964	1003	1010	1302	1547	1878	142	1987	1451	1547	702	1453	807	768	1284	1334	1566	1155	1408	1144	988	1022	1829	1511	695	1563	1153	736	1803	1794	1562	1562	1520	1178	928	1190	1561	1576	1593	1626	1864	1626	725	693	1703	1431	1661	679	1833	694	742	7	847	1445	857	186	613	1320	1320	1332	2035	767	1801	1505	1262	1254	1682	1304	1444	1349	390	1282	968	731	851	854	1278	1745	971	929	1240	1212	1054	6	1575
F.RL15000234	439	401	287	721	732	840	742	797	628	420	770	849	245	1062	363	416	407	994	408	640	764	276	719	776	0	739	859	742	747	495	929	1089	845	1332	897	454	315	600	779	379	805	389	1170	800	978	489	946	747	1008	485	814	567	265	377	1322	1302	369	370	531	498	564	503	365	1118	1138	1011	1120	1021	436	814	740	539	980	892	987	447	309	739	491	1035	809	178	460	814	816	821	1222	975	1043	910	1036	1027	733	1235	956	540	807	1059	924	122	497	497	1047	942	539	524	1019	995	614	807	1177
F.RL15000345	503	452	374	930	753	673	614	647	705	473	1003	952	202	1059	275	466	450	987	468	738	978	239	943	995	739	0	711	10	10	485	678	1033	950	1139	922	598	178	563	1101	490	1092	499	1230	767	1019	515	884	1068	729	571	943	564	669	188	1148	1135	520	511	501	523	863	520	515	632	634	737	679	740	541	953	710	567	1086	1096	741	512	322	942	534	993	803	243	472	1123	1129	1135	997	995	900	799	975	973	696	1214	689	597	943	993	872	639	535	541	991	597	562	533	957	948	584	1005	1238
F.RL15000354	704	663	630	863	810	268	240	263	771	692	977	1053	183	962	328	652	659	895	655	737	956	200	893	964	859	711	0	718	726	801	730	957	1045	1180	801	757	257	925	986	700	1006	747	1388	841	1193	735	964	971	795	844	1001	812	902	292	1274	1253	769	767	876	732	774	749	768	876	883	317	876	313	727	1002	947	803	860	1094	940	702	313	905	734	914	881	189	670	1130	1134	1140	1176	1144	919	316	1129	1127	951	1011	751	783	866	1145	951	811	748	750	1142	663	637	625	1105	1088	653	975	1394
F.RL15000356	501	449	363	939	744	689	631	663	697	471	1011	963	209	1071	280	464	448	999	467	739	987	243	953	1003	742	10	718	0	0	484	681	1043	961	1149	928	597	181	574	1104	491	1093	498	1240	753	1031	520	873	1069	737	573	947	562	673	193	1139	1125	518	509	499	525	863	522	514	637	639	751	673	754	542	957	710	572	1093	1101	735	515	329	951	532	995	794	250	476	1128	1132	1139	1008	1004	910	812	973	974	699	1228	692	596	946	991	863	638	534	540	992	605	565	536	958	949	586	1013	1248
F.RL15000357	512	461	368	945	742	689	631	663	696	482	1018	968	208	1070	281	475	459	998	478	748	993	244	958	1010	747	10	726	0	0	494	689	1049	966	1154	932	608	184	573	1112	499	1101	508	1244	762	1027	524	873	1078	741	584	952	572	678	193	1143	1129	529	520	509	532	873	529	524	641	643	753	674	756	550	961	715	575	1099	1112	735	521	329	956	544	1000	792	249	481	1133	1139	1145	1010	1002	914	811	979	977	702	1229	698	607	956	998	861	648	545	551	997	606	571	541	961	952	593	1020	1252
F.RL15000373	666	651	55	1184	716	1375	1275	1341	623	657	1290	1292	547	1503	875	673	649	1419	666	1196	1268	675	1194	1302	495	485	801	484	494	0	1275	1703	1286	1814	1309	972	553	996	937	203	1321	751	1901	558	1685	743	893	1321	1457	835	972	761	1108	725	1849	1826	912	912	614	763	559	769	909	1488	1516	1500	1595	1505	155	966	1463	658	1439	1059	1560	630	585	1218	711	1275	780	234	643	1547	1553	1558	1678	1484	1650	1398	924	923	1451	1176	1196	776	1207	953	869	857	734	723	934	1477	464	440	911	893	485	1327	1909
F.RL15000375	1191	1137	607	1366	539	1122	1032	1099	508	1191	1559	1680	555	1140	839	1150	1134	1052	1155	1349	1530	670	1448	1547	929	678	730	681	689	1275	0	1691	1668	1865	676	1349	275	1307	729	708	845	1253	1538	942	1749	806	666	1272	838	1386	1094	1122	1579	486	1519	1508	1453	1452	927	836	796	851	1452	1050	1065	1247	743	1236	723	1095	1550	939	1726	739	1746	1229	739	1441	1282	1012	583	164	1146	1163	1173	1176	1856	1432	1647	1284	1032	1032	1546	1410	372	938	1270	1051	656	1373	1325	1317	1050	546	556	521	1014	995	580	1577	1537
F.RL15000408	1632	1544	837	1679	1263	1446	1311	1380	1145	1586	1896	1963	741	1823	1106	1560	1530	1687	1572	648	1842	928	1721	1878	1089	1033	957	1043	1049	1703	1691	0	1953	1836	1767	1009	728	1550	1439	974	1966	1503	1502	1136	1369	1541	1492	1763	1847	1584	1254	1677	1876	458	2314	2281	1296	1295	1667	1601	1329	1616	1293	2237	2265	1629	2010	1632	988	1255	858	1492	1596	1284	1715	1651	783	1753	1742	1821	1357	125	1582	1851	1867	1887	1045	2043	60	1549	1228	1226	842	1194	1749	1497	1896	1252	1465	1680	1800	1796	1253	1784	985	947	1206	1198	1047	1931	1508
F.RL15000215	788	739	630	139	753	1335	1223	1297	623	746	140	7	125	1429	559	731	718	1343	745	1471	123	135	137	142	845	950	1045	961	966	1286	1668	1953	0	1985	1476	1605	727	1357	826	818	1301	1409	1515	1151	1375	1238	976	1148	1767	1409	703	1540	1119	760	1811	1800	1633	1635	1508	1299	984	1311	1632	1519	1536	1530	1864	1528	799	700	1787	1389	1723	744	1797	811	824	119	849	1485	840	248	719	1374	1374	1386	2008	865	1884	1413	1234	1226	1763	1306	1465	1440	528	1255	957	792	854	857	1251	1850	1033	991	1213	1184	1116	143	1523
F.RL15000338	1601	1535	907	1845	1177	1322	1214	1277	1069	1568	2009	1996	841	1942	1006	1539	1518	1831	1564	1339	1949	1012	1854	1987	1332	1139	1180	1149	1154	1814	1865	1836	1985	0	1979	1733	777	1462	1722	1191	2090	1766	2354	1050	2099	1520	1333	1849	2076	1813	1519	1658	1944	807	2071	2050	1855	1846	1539	1551	1527	1561	1855	2193	2214	1445	1935	1448	1171	1516	1947	1482	1771	1794	2029	1749	1057	1873	1681	1917	1235	343	1611	2175	2173	2195	1637	2041	1784	1490	907	907	1909	285	1867	1559	1921	921	1316	1893	1728	1725	913	1890	1273	1236	898	888	1337	2041	2359
F.RL15000461	1330	1261	757	1284	439	1062	968	1050	394	1326	1462	1496	632	1098	810	1288	1271	1009	1300	1293	1424	750	1344	1451	897	922	801	928	932	1309	676	1767	1476	1979	0	1425	112	1332	633	940	476	1427	1452	1008	1540	944	594	1020	1179	1570	920	1196	1483	482	1557	1536	1659	1656	1169	981	831	999	1656	1390	1415	1230	1039	1225	916	922	1518	866	1852	771	1861	1431	856	1330	1445	857	493	216	1352	1080	1085	1088	1824	1332	1700	1139	1151	1145	1502	1571	355	990	1441	1156	583	1351	1487	1481	1162	929	775	744	1113	1087	845	1494	1459
F.RL15000463	908	863	135	1368	736	1129	1018	1084	647	904	1547	1615	715	1602	1043	893	878	1481	897	567	1513	939	1405	1547	454	598	757	597	608	972	1349	1009	1605	1733	1425	0	765	789	868	165	1405	784	1169	642	990	796	913	1431	1507	844	844	925	1243	541	1989	1965	564	562	943	838	441	842	559	1779	1810	1265	1697	1277	249	844	766	814	1609	1011	1802	884	731	1429	995	1486	806	180	867	1212	1235	1249	981	1722	982	1157	948	938	764	1110	1366	848	1491	965	889	1028	1040	1038	953	1371	481	460	923	918	513	1606	1175
F.RL15000464	659	646	111	658	93	597	572	598	90	657	699	727	583	414	819	661	644	390	664	725	689	698	661	702	315	178	257	181	184	553	275	728	727	777	112	765	0	621	234	195	118	670	844	124	843	239	128	356	848	828	297	601	900	475	747	735	910	907	425	245	270	249	904	957	974	658	707	653	178	303	730	142	699	198	1040	695	796	657	714	36	110	230	667	692	701	704	819	733	698	626	263	270	727	401	24	298	703	270	126	769	732	725	270	558	145	139	265	249	145	720	852
F.RL15000479	789	758	184	1321	719	602	546	579	658	786	1460	1372	654	1540	901	773	767	1448	766	1083	1410	809	1349	1453	600	563	925	574	573	996	1307	1550	1357	1462	1332	789	621	0	1140	465	1350	910	1715	594	1387	690	875	1260	1452	975	800	1065	1194	645	1852	1818	1044	1041	867	698	749	700	1037	1580	1603	644	1613	652	325	801	1373	623	1546	1290	1440	854	1028	1355	830	1367	772	237	804	1394	1399	1407	1393	1626	1499	574	947	943	1363	1075	1278	761	1372	960	852	1114	862	866	957	1506	705	690	931	926	735	1505	1721
F.RL15000480	821	722	685	672	470	1052	919	997	360	774	812	844	249	1070	380	718	695	987	737	809	782	282	715	807	779	1101	986	1104	1112	937	729	1439	826	1722	633	868	234	1140	0	763	210	870	630	1218	1002	966	706	770	840	973	721	827	768	229	1194	1169	862	866	957	964	829	986	864	835	855	1274	895	1280	975	718	1025	960	1495	298	1318	935	259	707	915	1045	566	149	859	323	327	334	1609	965	1371	1244	1351	1345	1009	1596	594	915	807	1373	679	691	953	951	1360	719	758	701	1310	1285	870	836	636
F.RL15000487	181	173	61	702	665	832	757	805	577	174	762	825	140	999	311	181	177	933	170	531	754	168	710	768	379	490	700	491	499	203	708	974	818	1191	940	165	195	465	763	0	899	143	1159	563	966	211	841	820	821	223	894	308	401	230	1211	1183	120	118	240	201	417	204	117	857	875	951	951	957	170	896	698	288	807	885	840	124	119	737	195	889	733	128	165	938	942	947	961	954	929	865	996	988	692	1069	799	291	717	1017	818	324	198	199	1004	690	360	349	974	963	392	806	1165
F.RL15000491	1291	1203	716	1118	518	1195	1068	1151	400	1256	1295	1320	637	1193	823	1206	1168	1093	1232	1310	1249	758	1168	1284	805	1092	1006	1093	1101	1321	845	1966	1301	2090	476	1405	118	1350	210	899	0	1410	1026	1261	1398	931	751	834	1372	1554	796	1133	1369	490	1552	1529	1651	1654	1163	970	868	993	1651	1477	1508	1413	1229	1421	912	791	1593	857	1992	384	1964	1434	860	1148	1432	952	605	224	1302	665	670	673	2026	1472	1900	1375	1331	1326	1567	1664	510	970	1234	1352	729	1253	1481	1472	1341	1113	833	779	1292	1268	943	1328	1034
F.RL15000503	602	578	48	1227	720	1309	1217	1270	631	588	1337	1424	602	1601	625	589	573	1488	587	1000	1310	714	1233	1334	389	499	747	498	508	751	1253	1503	1409	1766	1427	784	670	910	870	143	1410	0	1671	564	1435	707	904	1302	1214	863	920	940	766	633	1813	1796	249	247	920	733	507	735	246	1526	1555	1441	1592	1455	140	922	1239	757	1058	991	1578	665	727	1261	641	1379	788	233	683	1519	1525	1535	1442	1498	1457	1333	950	942	1233	1127	1270	764	1247	973	881	910	663	663	961	1471	389	375	928	921	421	1374	1678
F.RL15000508	1575	1438	774	1261	557	1515	1315	1428	402	1523	1586	1539	795	1805	1236	1456	1415	1635	1482	780	1472	1055	1330	1566	1170	1230	1388	1240	1244	1901	1538	1502	1515	2354	1452	1169	844	1715	630	1159	1026	1671	0	1341	752	1664	843	1698	1724	1818	978	1744	1713	645	2217	2194	1510	1506	1782	1781	1229	1802	1503	1966	2003	1808	1805	1819	1218	978	1329	1675	2589	365	2360	1842	936	1312	1772	1855	661	396	1632	959	980	1005	1283	1758	1422	1728	1378	1368	1276	1763	1328	1758	1754	1411	807	1707	1876	1864	1398	1597	1082	1024	1327	1304	1240	1627	52
F.RL15000509	548	528	517	1049	834	756	687	724	749	537	1148	1157	103	1097	178	527	508	1035	524	668	1146	121	1088	1155	800	767	841	753	762	558	942	1136	1151	1050	1008	642	124	594	1218	563	1261	564	1341	0	1030	607	956	1074	955	572	1069	673	780	107	1191	1183	558	556	569	589	914	590	558	901	903	833	986	842	586	1066	894	603	910	1313	974	594	158	1121	578	1017	862	159	548	1228	1232	1236	915	1082	1113	918	944	940	878	1020	992	675	969	964	939	794	594	596	951	909	699	677	938	925	747	1173	1348
F.RL15000510	1410	1308	611	1226	709	1400	1255	1325	616	1365	1433	1383	783	1629	1233	1327	1297	1492	1358	770	1340	1036	1223	1408	978	1019	1193	1031	1027	1685	1749	1369	1375	2099	1540	990	843	1387	1002	966	1398	1435	752	1030	0	1502	931	1383	1888	1592	333	1681	1552	646	2031	2005	1263	1257	1555	1566	1094	1581	1254	2108	2141	1614	1979	1625	1003	337	1319	1477	2064	1065	2138	1607	930	1241	1574	1629	788	393	1458	1331	1349	1373	1104	1607	1314	1541	1442	1440	1290	1513	1533	1565	1496	1461	901	1556	1632	1632	1458	1777	1088	1053	1415	1392	1186	1456	760
F.RL15000514	600	584	80	1048	687	1035	955	1007	606	590	1148	1254	453	1106	793	593	584	1036	602	1039	1132	546	1063	1144	489	515	735	520	524	743	806	1541	1238	1520	944	796	239	690	966	211	931	707	1664	607	1502	0	857	833	1412	828	973	710	1024	605	1554	1535	926	924	447	93	537	96	919	1455	1485	1152	1304	1157	99	974	1279	326	1311	995	1505	552	796	1089	630	935	755	225	537	1326	1331	1335	1450	1366	1482	1029	901	894	1277	1078	836	292	1065	920	842	866	649	641	911	1071	440	417	883	876	476	1193	1653
F.RL15000278	802	706	801	841	10	828	728	785	11	780	1005	993	73	879	148	732	694	830	740	877	955	74	858	988	946	884	964	873	873	893	666	1492	976	1333	594	913	128	875	706	841	751	904	843	956	931	857	0	1024	708	906	961	902	877	103	1067	1050	911	912	892	822	906	841	920	604	611	956	759	964	888	959	1006	921	1280	812	1138	872	105	900	851	926	4	144	751	711	713	718	1168	815	1451	995	1185	1178	995	1318	530	914	932	1201	3	887	876	876	1193	667	741	697	1147	1140	824	1022	849
F.RL15000542	1271	1202	612	942	804	1265	1170	1219	695	1232	1033	1155	627	1046	815	1206	1173	979	1231	1372	1017	723	939	1022	747	1068	971	1069	1078	1321	1272	1763	1148	1849	1020	1431	356	1260	770	820	834	1302	1698	1074	1383	833	1024	0	1696	1509	638	1332	1368	634	1618	1610	1549	1551	1092	839	969	859	1546	1941	1972	1463	1675	1466	737	639	1584	905	1427	913	1810	1283	926	968	1367	991	902	177	1190	1186	1190	1194	2013	1426	1727	1339	1303	1297	1573	1399	1089	668	1040	1324	1009	1194	1388	1381	1315	1458	953	908	1277	1252	1031	1044	1706
F.RL15000659	1268	1169	630	1616	575	1323	1197	1272	534	1252	1837	1786	810	1732	553	1196	1182	1616	1207	1484	1783	958	1679	1829	1008	729	795	737	741	1457	838	1847	1767	2076	1179	1507	848	1452	840	821	1372	1214	1724	955	1888	1412	708	1696	0	1171	1100	1362	1304	874	1735	1725	1211	1204	1432	1435	869	1449	1209	1078	1095	1437	966	1434	825	1098	1695	1348	1551	884	1679	1506	1011	1677	1362	1580	624	157	1377	1198	1203	1208	1993	1729	1790	1471	1005	1002	1682	1429	920	1386	1579	1022	692	1552	1413	1411	1022	967	649	613	983	972	676	1857	1731
F.RL15000677	793	739	57	1367	729	1363	1241	1313	638	778	1509	1422	721	1613	787	772	763	1513	769	1126	1469	883	1395	1511	485	571	844	573	584	835	1386	1584	1409	1813	1570	844	828	975	973	223	1554	863	1818	572	1592	828	906	1509	1171	0	998	901	1074	783	1696	1671	781	779	790	870	560	878	776	1526	1556	1489	1435	1494	186	998	1334	849	1419	1059	1361	811	898	1419	847	1557	798	221	822	1332	1335	1345	1583	1665	1539	1362	1014	1005	1324	1139	1452	957	1358	1035	885	1028	878	867	1024	1423	467	451	992	985	499	1558	1824
F.RL15000715	872	797	713	620	742	840	759	803	660	825	705	702	236	967	400	798	774	891	814	820	679	323	592	695	814	943	1001	947	952	972	1094	1254	703	1519	920	844	297	800	721	894	796	920	978	1069	333	973	961	638	1100	998	0	1064	815	190	1217	1188	907	909	1037	966	982	987	906	1161	1172	1026	1207	1017	970	30	1165	904	1146	900	1146	911	328	641	978	1037	825	160	858	804	800	811	1309	905	1199	970	1317	1315	1138	1419	970	891	776	1334	934	755	993	997	1330	1049	936	906	1296	1270	1026	704	985
F.RL15000717	867	852	175	1417	728	1333	1229	1297	631	868	1564	1557	750	1372	852	866	846	1259	871	1177	1525	891	1446	1563	567	564	812	562	572	761	1122	1677	1540	1658	1196	925	601	1065	827	308	1133	940	1744	673	1681	710	902	1332	1362	901	1064	0	1097	704	1505	1481	1062	1051	439	767	550	764	1052	1564	1592	1452	1170	1467	338	1055	1418	615	1543	1012	1553	959	878	1447	923	1333	798	234	890	1464	1472	1480	1619	1683	1656	1314	1009	1000	1403	1229	1175	731	1449	1029	882	1078	962	954	1017	1336	505	493	986	977	555	1615	1751
F.RL15000722	604	548	262	1088	677	1433	1331	1375	572	582	1147	1129	586	1664	317	567	555	1549	564	1344	1113	629	1087	1153	265	669	902	673	678	1108	1579	1876	1119	1944	1483	1243	900	1194	768	401	1369	766	1713	780	1552	1024	877	1368	1304	1074	815	1097	0	879	2028	2001	959	952	1170	1120	617	1117	952	1564	1585	1613	1788	1624	459	813	1548	1063	1263	902	1635	816	963	1080	653	1651	751	212	787	1442	1447	1455	1821	1352	1830	1497	1038	1030	1530	1242	1563	1094	1128	1059	859	530	663	661	1048	1815	564	550	1018	997	642	1187	1720
S.RL15001279	668	642	114	690	92	668	638	656	90	666	742	760	610	651	849	662	648	602	657	502	724	735	693	736	377	188	292	193	193	725	486	458	760	807	482	541	475	645	229	230	490	633	645	107	646	605	103	634	874	783	190	704	879	0	922	919	837	834	708	590	253	592	830	1006	1023	718	937	712	268	196	471	545	792	266	1097	731	869	691	710	485	104	247	680	669	679	686	626	793	458	675	283	283	471	378	468	558	765	287	98	688	734	725	286	809	238	228	272	270	238	749	652
F.RL15000522	1705	1615	923	1597	893	1777	1625	1730	838	1670	1816	1814	810	1475	1085	1630	1603	1359	1648	1774	1754	978	1685	1803	1322	1148	1274	1139	1143	1849	1519	2314	1811	2071	1557	1989	747	1852	1194	1211	1552	1813	2217	1191	2031	1554	1067	1618	1735	1696	1217	1505	2028	922	0	3	2055	2049	1581	1627	987	1643	2047	1789	1810	1944	906	1948	1112	1217	2069	1550	2014	1405	1979	1817	971	1663	1800	1147	976	331	1681	1840	1853	1872	2251	1935	2278	1830	1345	1338	2045	1621	1428	1615	1648	1365	1048	1930	1857	1852	1348	1475	983	938	1323	1308	1030	1833	2224
F.RL15000523	1681	1579	906	1595	876	1758	1608	1712	821	1645	1807	1803	808	1470	1081	1605	1574	1347	1612	1781	1744	979	1668	1794	1302	1135	1253	1125	1129	1826	1508	2281	1800	2050	1536	1965	735	1818	1169	1183	1529	1796	2194	1183	2005	1535	1050	1610	1725	1671	1188	1481	2001	919	3	0	2038	2032	1554	1600	959	1616	2030	1782	1804	1924	896	1931	1084	1188	2036	1523	1977	1377	1950	1795	964	1652	1776	1138	958	325	1654	1817	1830	1849	2257	1935	2245	1818	1325	1318	2012	1597	1418	1591	1637	1345	1031	1904	1834	1830	1328	1467	948	903	1303	1288	996	1824	2201
F.RL15000524	779	742	49	1412	725	1441	1318	1388	635	765	1563	1643	756	1785	795	762	748	1667	762	818	1524	929	1437	1562	369	520	769	518	529	912	1453	1296	1633	1855	1659	564	910	1044	862	120	1651	249	1510	558	1263	926	911	1549	1211	781	907	1062	959	837	2055	2038	0	2	1049	955	484	960	5	1708	1739	1594	1811	1607	155	907	1044	1004	1251	987	1831	878	724	1447	837	1620	793	208	871	1451	1475	1489	1271	1712	1269	1472	961	953	1037	1133	1507	997	1467	983	889	1085	878	875	971	1526	371	362	940	933	404	1614	1517
F.RL15000525	779	742	48	1415	726	1439	1316	1385	637	765	1563	1643	755	1783	786	762	748	1665	762	815	1525	926	1438	1562	370	511	767	509	520	912	1452	1295	1635	1846	1656	562	907	1041	866	118	1654	247	1506	556	1257	924	912	1551	1204	779	909	1051	952	834	2049	2032	2	0	1040	952	485	956	3	1704	1735	1591	1803	1604	155	909	1042	995	1252	990	1826	877	719	1450	837	1618	794	207	871	1454	1478	1492	1262	1710	1269	1471	958	950	1036	1132	1506	995	1469	980	890	1086	876	874	968	1524	370	361	937	930	403	1614	1513
F.RL15000528	758	752	44	1401	723	1269	1175	1226	631	761	1523	1524	757	1219	938	769	755	1126	775	1125	1483	884	1412	1520	531	501	876	499	509	614	927	1667	1508	1539	1169	943	425	867	957	240	1163	920	1782	569	1555	447	892	1092	1432	790	1037	439	1170	708	1581	1554	1049	1040	0	492	592	490	1040	1580	1610	1381	1324	1394	203	1034	1436	384	1522	1108	1555	856	883	1433	808	1135	788	257	844	1477	1483	1489	1535	1694	1637	1237	922	914	1423	1173	1048	517	1398	942	877	1107	832	825	930	1291	471	456	902	892	505	1575	1781
F.RL15000529	662	641	123	1079	664	1061	975	1030	590	656	1184	1312	481	1123	810	660	647	1049	665	1124	1170	574	1093	1178	498	523	732	525	532	763	836	1601	1299	1551	981	838	245	698	964	201	970	733	1781	589	1566	93	822	839	1435	870	966	767	1120	590	1627	1600	955	952	492	0	531	1	949	1524	1548	1189	1366	1188	133	966	1278	390	1348	1006	1582	596	838	1129	686	969	717	193	524	1330	1335	1339	1544	1361	1533	1083	938	930	1271	1070	876	301	1072	956	805	926	704	700	945	1092	450	431	918	912	482	1224	1770
F.RL15000530	497	484	382	834	729	896	795	876	629	496	919	993	196	1066	318	482	482	989	478	762	911	229	864	928	564	863	774	863	873	559	796	1329	984	1527	831	441	270	749	829	417	868	507	1229	914	1094	537	906	969	869	560	982	550	617	253	987	959	484	485	592	531	0	547	483	956	973	1034	1009	1043	483	984	999	569	1175	945	1267	450	232	893	535	869	798	144	479	957	960	968	1417	942	1305	1110	1248	1239	989	1394	816	562	907	1270	885	475	540	542	1256	784	567	541	1225	1209	604	958	1235
F.RL15000531	664	643	127	1091	683	1077	991	1045	607	658	1196	1324	481	1139	805	662	649	1065	667	1135	1182	574	1104	1190	503	520	749	522	529	769	851	1616	1311	1561	999	842	249	700	986	204	993	735	1802	590	1581	96	841	859	1449	878	987	764	1117	592	1643	1616	960	956	490	1	547	0	954	1534	1558	1205	1380	1204	138	987	1290	388	1365	1030	1584	597	836	1141	689	987	736	196	524	1356	1361	1365	1551	1379	1547	1103	947	939	1282	1083	895	303	1084	966	824	927	705	702	955	1114	457	438	928	917	489	1236	1791
F.RL15000533	777	741	47	1411	735	1436	1313	1383	644	764	1562	1642	753	1781	787	761	747	1663	761	816	1523	925	1436	1561	365	515	768	514	524	909	1452	1293	1632	1855	1656	559	904	1037	864	117	1651	246	1503	558	1254	919	920	1546	1209	776	906	1052	952	830	2047	2030	5	3	1040	949	483	954	0	1704	1736	1589	1803	1602	151	907	1040	994	1260	989	1827	875	719	1446	835	1617	803	205	868	1450	1474	1488	1263	1711	1267	1468	963	955	1033	1139	1506	999	1468	985	898	1082	876	873	973	1523	371	361	942	933	403	1613	1510
F.RL15000662	909	852	538	1411	478	1479	1391	1453	441	901	1586	1532	636	1813	804	859	854	1719	856	1756	1537	692	1486	1576	1118	632	876	637	641	1488	1050	2237	1519	2193	1390	1779	957	1580	835	857	1477	1526	1966	901	2108	1455	604	1941	1078	1526	1161	1564	1564	1006	1789	1782	1708	1704	1580	1524	956	1534	1704	0	10	1584	1112	1573	860	1161	2043	1535	1984	953	1644	1220	1146	1461	969	1646	523	385	1126	1602	1599	1614	2232	1405	2164	1635	974	975	2022	1492	1097	1571	1238	992	594	1339	1005	1010	984	1251	673	638	958	940	706	1595	1972
F.RL15000669	926	868	551	1424	484	1498	1406	1472	448	917	1603	1548	645	1835	811	876	870	1741	872	1783	1554	701	1503	1593	1138	634	883	639	643	1516	1065	2265	1536	2214	1415	1810	974	1603	855	875	1508	1555	2003	903	2141	1485	611	1972	1095	1556	1172	1592	1585	1023	1810	1804	1739	1735	1610	1548	973	1558	1736	10	0	1603	1122	1592	875	1172	2070	1566	2006	972	1657	1243	1151	1477	982	1667	530	389	1143	1635	1632	1647	2259	1423	2195	1658	979	980	2049	1501	1114	1600	1258	997	601	1359	1021	1026	989	1270	682	647	963	945	715	1612	2010
F.RL15000676	1234	1169	615	1442	799	21	21	26	760	1223	1650	1547	690	1472	925	1172	1171	1382	1184	1276	1587	861	1501	1626	1011	737	317	751	753	1500	1247	1629	1530	1445	1230	1265	658	644	1274	951	1413	1441	1808	833	1614	1152	956	1463	1437	1489	1026	1452	1613	718	1944	1924	1594	1591	1381	1189	1034	1205	1589	1584	1603	0	1551	0	813	1024	1624	1157	1644	1371	1562	1370	1077	1499	1313	1344	868	321	1256	1525	1530	1538	1582	1790	1578	34	1092	1090	1620	1056	1162	1255	1507	1106	939	1499	1362	1364	1104	1443	903	885	1069	1055	919	1668	1815
F.RL15000678	1419	1336	646	1641	619	1436	1307	1396	582	1408	1881	1879	818	1611	1096	1364	1348	1491	1365	1615	1813	983	1736	1864	1120	679	876	673	674	1595	743	2010	1864	1935	1039	1697	707	1613	895	951	1229	1592	1805	986	1979	1304	759	1675	966	1435	1207	1170	1788	937	906	896	1811	1803	1324	1366	1009	1380	1803	1112	1122	1551	0	1549	844	1204	1868	1261	2061	1009	1732	1545	940	1695	1516	1404	671	329	1413	1531	1543	1564	2057	1741	1968	1569	1130	1128	1852	1483	760	1331	1609	1148	743	1683	1591	1582	1147	696	708	673	1105	1092	740	1911	1812
F.RL15000681	1242	1185	632	1451	804	21	21	26	766	1239	1646	1545	689	1481	920	1188	1187	1390	1201	1300	1583	852	1503	1626	1021	740	313	754	756	1505	1236	1632	1528	1448	1225	1277	653	652	1280	957	1421	1455	1819	842	1625	1157	964	1466	1434	1494	1017	1467	1624	712	1948	1931	1607	1604	1394	1188	1043	1204	1602	1573	1592	0	1549	0	817	1014	1624	1169	1642	1369	1559	1378	1069	1497	1318	1337	874	315	1260	1536	1541	1549	1583	1782	1576	39	1099	1103	1620	1058	1156	1260	1512	1119	947	1505	1367	1370	1112	1441	892	871	1078	1063	906	1664	1825
F.RL15000701	155	151	51	661	718	701	627	669	626	150	722	804	86	956	267	152	153	889	148	547	716	99	675	725	436	541	727	542	550	155	723	988	799	1171	916	249	178	325	975	170	912	140	1218	586	1003	99	888	737	825	186	970	338	459	268	1112	1084	155	155	203	133	483	138	151	860	875	813	844	817	0	970	720	263	847	1001	793	84	266	695	156	900	781	187	118	892	895	901	991	907	930	724	904	897	716	1079	809	237	598	926	873	355	161	160	915	684	433	412	886	878	464	752	1224
F.RL15000706	873	797	714	619	741	844	763	807	657	825	703	699	241	971	404	798	774	894	814	816	677	328	590	693	814	953	1002	957	961	966	1095	1255	700	1516	922	844	303	801	718	896	791	922	978	1066	337	974	959	639	1098	998	30	1055	813	196	1217	1188	907	909	1034	966	984	987	907	1161	1172	1024	1204	1014	970	0	1168	903	1150	901	1145	911	336	639	976	1044	823	165	857	800	796	807	1309	905	1202	968	1317	1315	1146	1416	971	894	773	1334	932	756	992	996	1330	1050	943	913	1296	1270	1033	702	984
F.RL15001304	1376	1297	641	1529	865	1466	1330	1407	819	1356	1723	1802	712	1413	1079	1316	1305	1287	1329	770	1663	893	1578	1703	740	710	947	710	715	1463	1550	858	1787	1947	1518	766	730	1373	1025	698	1593	1239	1329	894	1319	1279	1006	1584	1695	1334	1165	1418	1548	471	2069	2036	1044	1042	1436	1278	999	1290	1040	2043	2070	1624	1868	1624	720	1168	0	1248	1563	1133	1957	1408	790	1561	1450	1424	918	139	1290	1459	1482	1495	1170	1916	824	1472	1192	1189	12	1293	1525	1257	1687	1209	987	1376	1499	1499	1212	1643	737	709	1160	1156	778	1758	1335
F.RL15001334	672	664	92	1307	751	1048	962	1015	654	672	1431	1401	677	1251	829	680	663	1151	684	1018	1389	814	1331	1431	539	567	803	572	575	658	939	1492	1389	1482	866	814	142	623	960	288	857	757	1675	603	1477	326	921	905	1348	849	904	615	1063	545	1550	1523	1004	995	384	390	569	388	994	1535	1566	1157	1261	1169	263	903	1248	0	1404	1088	1494	779	915	1330	726	893	810	201	763	1384	1390	1396	1484	1593	1434	1059	919	911	1234	1153	798	304	1307	938	905	980	752	744	927	1230	518	498	900	893	551	1478	1682
F.RL15001349	1313	1243	757	1566	1124	1518	1420	1462	1061	1261	1686	1725	642	1506	431	1244	1211	1409	1250	1541	1648	726	1566	1661	980	1086	860	1093	1099	1439	1726	1596	1723	1771	1852	1609	699	1546	1495	807	1992	1058	2589	910	2064	1311	1280	1427	1551	1419	1146	1543	1263	792	2014	1977	1251	1252	1522	1348	1175	1365	1260	1984	2006	1644	2061	1642	847	1150	1563	1404	0	1546	1661	1379	914	1618	1362	1454	1182	125	1343	2127	2131	2136	2061	1937	1587	1581	1183	1183	1562	1075	1764	1346	1542	1196	1264	1497	1385	1379	1204	2014	955	930	1167	1158	1001	1698	2595
S.RL15000314	898	807	786	518	536	1101	946	1048	390	850	683	760	148	1095	311	795	769	997	808	795	644	176	565	679	892	1096	1094	1101	1112	1059	739	1284	744	1794	771	1011	198	1290	298	885	384	991	365	1313	1065	995	812	913	884	1059	900	1012	902	266	1405	1377	987	990	1108	1006	945	1030	989	953	972	1371	1009	1369	1001	901	1133	1088	1546	0	1365	1002	188	556	1006	1156	641	121	867	432	439	444	1572	959	1242	1316	1370	1359	1100	1635	657	1055	863	1400	777	834	1049	1042	1386	772	812	765	1324	1300	959	703	371
